Posterior: 0.614056

{
  "topologia": [
    30,
    12,
    8,
    10
  ],
  "learningRate": 0.1,  
  "cantEntrenamientos": 1000,
  "capas": [
    {
      "w": [
        [
          -1.6171466625059792,
          1.04725690302759,
          -0.8247533717490944,
          -3.3784678079975663,
          3.2531041420950335,
          1.2298550650188387,
          2.0015591847787255,
          2.022101368677573,
          -3.415107734510763,
          -7.358461724196462,
          0.032114448176807815,
          5.885966017383135,
          2.931746228576225,
          5.101765257860854,
          -0.0741696223565547,
          5.603656119114468,
          0.4306199941936704,
          -2.0560789334217344,
          -1.1320302419170762,
          1.9709905677592339,
          0.6460608982450431,
          4.638805627751748,
          0.615247106899748,
          3.750083502796643,
          -0.17873550074789507,
          4.600477136624271,
          -4.897314824143433,
          -5.770630044089799,
          -0.012302288872133136,
          -11.628730232226498
        ],
        [
          -2.0996888670058778,
          -0.4968102669107326,
          -2.461776810487986,
          -2.3043530299212582,
          5.020893042645092,
          11.982632623811826,
          -13.58263592770704,
          -5.834149510006433,
          17.549925864622228,
          0.05233553356397049,
          -6.947820411680182,
          -7.861732807798827,
          3.2301842612335876,
          0.6816431667579627,
          4.6228094992074995,
          -0.7342378537928124,
          0.15599531374535694,
          -4.990755340955649,
          6.208401604857021,
          0.6821804672112334,
          -9.785419538090865,
          1.9952427387392133,
          -2.8261269445807766,
          8.016090666244617,
          -2.731961339198721,
          -5.66537816051205,
          -3.655109394400149,
          4.465873217553975,
          -1.0232242965246323,
          -0.1866292082420242
        ],
        [
          -0.07938316363382637,
          -0.22132250094946088,
          -6.060727803521495,
          0.26853038824490894,
          -0.009310756140033277,
          0.21039187547203775,
          -0.266473744079203,
          0.26893881322654484,
          -5.978536666500241,
          0.1805333463426749,
          0.08759225118456529,
          0.2265440949903278,
          0.1601855928105798,
          -0.06946650311750274,
          -5.7318795337002255,
          0.13899640397991173,
          0.09698019569143948,
          -0.23938084131188156,
          0.35777705601083787,
          0.05223899118829018,
          -6.48734954348507,
          0.012130252222059061,
          -0.21057499322185774,
          -0.6306165568191735,
          0.1309804010210304,
          -0.02682821194915933,
          -6.2006485029838,
          -0.16906336207276698,
          -0.026690712917362944,
          0.11646321839817904
        ],
        [
          -0.7871011889068482,
          -0.3485625363195988,
          0.5571950841839279,
          -1.0916597512007102,
          -0.7521714550936133,
          4.5302814783035465,
          -0.5295202043119369,
          0.31849629420049663,
          -2.2947153492963714,
          -1.4740581597449627,
          -0.6264759954857781,
          3.7115665011153944,
          -0.6993820372691218,
          -0.541773968428438,
          -1.4603199053439124,
          -1.3630735625270283,
          -0.41618259396548524,
          2.7948431019776883,
          -0.0026232359441647596,
          -0.3544866048122698,
          0.2138097387477087,
          -1.7098341429260657,
          0.8165368203750257,
          3.2406208447866613,
          -0.04536121605351681,
          0.9517765606786127,
          -0.2178363464857468,
          -2.339928973513579,
          -0.481818176869198,
          4.329102637258241
        ],
        [
          -0.37729850285362415,
          -0.340426889175472,
          0.22164897701118697,
          -4.796129508605061,
          -0.07842721363812946,
          -0.34299933654414994,
          0.15949210008704706,
          0.20681792524133444,
          0.5898791595301686,
          -5.047376409608818,
          -0.17234037847563838,
          0.4629321894418231,
          0.3423884350646168,
          0.14766583593305857,
          0.39692945987602796,
          -4.750140330096873,
          -0.2900570524117296,
          0.00784089978143651,
          0.07763181464388128,
          -0.19369255662346896,
          0.10621155278535975,
          -4.8766198143667765,
          -0.3864945387800961,
          0.6419301186206673,
          0.20946910537471924,
          -0.4070024445890336,
          0.18411496460217602,
          -5.104271991569886,
          0.034221855284812176,
          0.2325467963994164
        ],
        [
          -0.0240173348956736,
          -0.6351691342770618,
          -1.6354321324897543,
          -1.1082234065425138,
          0.06903152284111311,
          -3.4136804893407815,
          0.750416517488899,
          0.16851958965722666,
          -2.4749107213746346,
          -1.9964812342593556,
          -0.18084076800169588,
          -2.7969477790602806,
          0.1655014642761789,
          -0.32126455363239376,
          -1.4191826941670527,
          -1.2539044279724005,
          0.1317041238557388,
          -4.221565677997663,
          -0.43609932230767495,
          -0.2795899687229533,
          -1.9233282714897115,
          -1.3423482633811308,
          -0.1794245177909168,
          -2.6356370527965027,
          -0.05916372603954889,
          0.2926943724012799,
          -1.7548917303243925,
          -1.5753391984981717,
          0.18574326998535037,
          -3.5490857515490095
        ],
        [
          -0.09096843185327345,
          1.0211615951325856,
          -3.16063810771908,
          -3.6411076157278766,
          -1.270757114655189,
          -0.3423331606693611,
          -0.42128981385328157,
          -1.058007121747112,
          -3.3855941695344023,
          -3.7765674090768337,
          -1.2624809154550498,
          -2.2660813721218527,
          -1.0007427573642724,
          0.39897008863796135,
          -6.260864635607689,
          -5.743319953758222,
          -0.5821749555306105,
          0.5364049910717688,
          -0.9698942899299118,
          -0.34173073967045214,
          -3.651480627294843,
          -3.9280583958760156,
          -0.5254346867669066,
          -1.871313726278824,
          -0.24557693347968995,
          -0.4197276630309921,
          -3.3690795144918306,
          -3.199733873980613,
          -1.4502492951072588,
          -1.5344683327737652
        ],
        [
          0.2976681031423864,
          -0.6664948131827151,
          -0.5971485643484292,
          -0.42713738562753767,
          -5.862471002677121,
          -0.9613699169498738,
          -0.18255631800392672,
          0.7304216086172296,
          0.7639889728465886,
          0.808079499430296,
          -5.733941480209178,
          0.7215858527877959,
          -0.00900687953885667,
          -0.05838509263545413,
          0.14377665107306142,
          -0.35936474645178274,
          -5.7955953406374405,
          0.1281834484412051,
          0.23372568136284264,
          -0.3952613735700896,
          0.7172677837402207,
          0.006396719846439854,
          -4.995770359255682,
          -1.0325487077320064,
          -0.5929614458006233,
          -0.7434947511317135,
          0.021339486189278986,
          -0.2083457035553047,
          -5.428315552450153,
          1.5287076521010048
        ],
        [
          0.45203297116546404,
          -1.629484873181614,
          -4.925835261965665,
          1.2186984936117469,
          1.8734105824323948,
          4.4327002106665665,
          0.4416345694987965,
          -2.2833717778713636,
          -5.328759240495498,
          -0.03237644405054336,
          -0.1861394024998483,
          7.222871493367405,
          -1.3118621877094057,
          0.3618722820924394,
          -2.162483269521066,
          -1.4066533651187856,
          0.9785283297385917,
          11.1794512997235,
          0.15986055261256718,
          -0.7539534204245577,
          -2.8678445554908008,
          1.8531955169170817,
          -2.849198873535121,
          12.236522933082886,
          0.936566845783518,
          -2.2033612100977855,
          -5.674406774249107,
          0.9237010094323276,
          -0.2849216084653834,
          4.2243178444497955
        ],
        [
          0.016267145997104826,
          0.1325143599336907,
          -0.16667098249581463,
          0.33903229573714194,
          -3.6480356770955003,
          1.1012052248590931,
          0.24003338076037128,
          -0.9395355832254485,
          -0.004122085537534985,
          -0.5678267783610232,
          -4.355973241743985,
          0.33776612420134505,
          0.27677515691113463,
          -0.12796126752039816,
          -0.08559082734053348,
          0.09948492357161984,
          -4.447919975215184,
          0.23838656897557894,
          0.28911500886032077,
          0.07600309618647619,
          -0.43070925588799025,
          -0.1184234131416642,
          -4.083836268773226,
          0.6153275894621427,
          -0.10743257564445235,
          0.24609627436773965,
          -0.4117325170457925,
          0.25210651604666445,
          -4.705437734025081,
          -0.14778722511087686
        ],
        [
          0.26466868229604923,
          9.471844391321815,
          -3.1341227743477167,
          -0.8141894707717033,
          -2.052768449555612,
          -3.5543398240192703,
          1.191279286412959,
          9.293491151673996,
          2.3566834883623593,
          7.240399575807096,
          3.8131254316813235,
          -0.9845953084866769,
          -0.5911417973127617,
          7.777033310626853,
          2.542054827045454,
          6.687265935521385,
          2.1894078658094704,
          -5.081542105233234,
          -3.1647815824629593,
          6.51396469180693,
          -2.163301401424939,
          -3.0739052446373867,
          -0.9584271768430219,
          -1.2839190135955938,
          1.4747037386229993,
          15.631137537702676,
          -0.928488875896336,
          -3.9622596504472605,
          2.0743594284274702,
          5.9827524465849224
        ],
        [
          9.644907885516774,
          0.6928242529377981,
          -0.2840795029817571,
          -1.4292713934109254,
          -0.6063431850295401,
          1.810758585216618,
          9.421493222607094,
          0.4584576125428861,
          3.222479565218248,
          -3.228401888928107,
          2.823156463687248,
          5.802587432070118,
          18.208476267013328,
          -4.169913208341348,
          3.267727511452797,
          1.8973444538309276,
          -0.4884298774775958,
          -1.5528632895045165,
          12.449126626979549,
          3.7045284210856178,
          -4.082103553844265,
          -1.8602395777963159,
          -10.789342884743126,
          -10.757399651958915,
          4.249231062303103,
          -4.301919130669385,
          9.37414441819511,
          4.261144039501508,
          -0.908731524658677,
          -1.3890961335958059
        ]
      ],
      "nablaW": [
        [
          0.0,
          0.0,
          0.0,
          0.0,
          0.0,
          0.0,
          0.0,
          0.0,
          0.0,
          0.0,
          0.0,
          0.0,
          0.0,
          0.0,
          0.0,
          0.0,
          0.0,
          0.0,
          0.0,
          0.0,
          0.0,
          0.0,
          0.0,
          0.0,
          0.0,
          0.0,
          0.0,
          0.0,
          0.0,
          0.0
        ],
        [
          0.0,
          0.0,
          0.0,
          0.0,
          0.0,
          0.0,
          0.0,
          0.0,
          0.0,
          0.0,
          0.0,
          0.0,
          0.0,
          0.0,
          0.0,
          0.0,
          0.0,
          0.0,
          0.0,
          0.0,
          0.0,
          0.0,
          0.0,
          0.0,
          0.0,
          0.0,
          0.0,
          0.0,
          0.0,
          0.0
        ],
        [
          0.0,
          0.0,
          0.0,
          0.0,
          0.0,
          0.0,
          0.0,
          0.0,
          0.0,
          0.0,
          0.0,
          0.0,
          0.0,
          0.0,
          0.0,
          0.0,
          0.0,
          0.0,
          0.0,
          0.0,
          0.0,
          0.0,
          0.0,
          0.0,
          0.0,
          0.0,
          0.0,
          0.0,
          0.0,
          0.0
        ],
        [
          0.0,
          0.0,
          0.0,
          0.0,
          0.0,
          0.0,
          0.0,
          0.0,
          0.0,
          0.0,
          0.0,
          0.0,
          0.0,
          0.0,
          0.0,
          0.0,
          0.0,
          0.0,
          0.0,
          0.0,
          0.0,
          0.0,
          0.0,
          0.0,
          0.0,
          0.0,
          0.0,
          0.0,
          0.0,
          0.0
        ],
        [
          0.0,
          0.0,
          0.0,
          0.0,
          0.0,
          0.0,
          0.0,
          0.0,
          0.0,
          0.0,
          0.0,
          0.0,
          0.0,
          0.0,
          0.0,
          0.0,
          0.0,
          0.0,
          0.0,
          0.0,
          0.0,
          0.0,
          0.0,
          0.0,
          0.0,
          0.0,
          0.0,
          0.0,
          0.0,
          0.0
        ],
        [
          0.0,
          0.0,
          0.0,
          0.0,
          0.0,
          0.0,
          0.0,
          0.0,
          0.0,
          0.0,
          0.0,
          0.0,
          0.0,
          0.0,
          0.0,
          0.0,
          0.0,
          0.0,
          0.0,
          0.0,
          0.0,
          0.0,
          0.0,
          0.0,
          0.0,
          0.0,
          0.0,
          0.0,
          0.0,
          0.0
        ],
        [
          0.0,
          0.0,
          0.0,
          0.0,
          0.0,
          0.0,
          0.0,
          0.0,
          0.0,
          0.0,
          0.0,
          0.0,
          0.0,
          0.0,
          0.0,
          0.0,
          0.0,
          0.0,
          0.0,
          0.0,
          0.0,
          0.0,
          0.0,
          0.0,
          0.0,
          0.0,
          0.0,
          0.0,
          0.0,
          0.0
        ],
        [
          0.0,
          0.0,
          0.0,
          0.0,
          0.0,
          0.0,
          0.0,
          0.0,
          0.0,
          0.0,
          0.0,
          0.0,
          0.0,
          0.0,
          0.0,
          0.0,
          0.0,
          0.0,
          0.0,
          0.0,
          0.0,
          0.0,
          0.0,
          0.0,
          0.0,
          0.0,
          0.0,
          0.0,
          0.0,
          0.0
        ],
        [
          0.0,
          0.0,
          0.0,
          0.0,
          0.0,
          0.0,
          0.0,
          0.0,
          0.0,
          0.0,
          0.0,
          0.0,
          0.0,
          0.0,
          0.0,
          0.0,
          0.0,
          0.0,
          0.0,
          0.0,
          0.0,
          0.0,
          0.0,
          0.0,
          0.0,
          0.0,
          0.0,
          0.0,
          0.0,
          0.0
        ],
        [
          0.0,
          0.0,
          0.0,
          0.0,
          0.0,
          0.0,
          0.0,
          0.0,
          0.0,
          0.0,
          0.0,
          0.0,
          0.0,
          0.0,
          0.0,
          0.0,
          0.0,
          0.0,
          0.0,
          0.0,
          0.0,
          0.0,
          0.0,
          0.0,
          0.0,
          0.0,
          0.0,
          0.0,
          0.0,
          0.0
        ],
        [
          0.0,
          0.0,
          0.0,
          0.0,
          0.0,
          0.0,
          0.0,
          0.0,
          0.0,
          0.0,
          0.0,
          0.0,
          0.0,
          0.0,
          0.0,
          0.0,
          0.0,
          0.0,
          0.0,
          0.0,
          0.0,
          0.0,
          0.0,
          0.0,
          0.0,
          0.0,
          0.0,
          0.0,
          0.0,
          0.0
        ],
        [
          0.0,
          0.0,
          0.0,
          0.0,
          0.0,
          0.0,
          0.0,
          0.0,
          0.0,
          0.0,
          0.0,
          0.0,
          0.0,
          0.0,
          0.0,
          0.0,
          0.0,
          0.0,
          0.0,
          0.0,
          0.0,
          0.0,
          0.0,
          0.0,
          0.0,
          0.0,
          0.0,
          0.0,
          0.0,
          0.0
        ]
      ],
      "b": [
        17.923969210762635,
        3.347614176234235,
        18.607192415355772,
        -7.873724014059506,
        15.023263460663689,
        9.686384458688561,
        14.171970250979504,
        5.891108971539978,
        -21.015219091587504,
        15.590993258549046,
        -5.074959092942724,
        -2.4650350690759733
      ],
      "nablaB": [
        0.0,
        0.0,
        0.0,
        0.0,
        0.0,
        0.0,
        0.0,
        0.0,
        0.0,
        0.0,
        0.0,
        0.0
      ]
    },
    {
      "w": [
        [
          4.795845259974359,
          1.6082832553676836,
          -9.038057843743964,
          7.008106130581069,
          -9.159079819587042,
          8.502399378847842,
          6.19261972675577,
          4.08080887718694,
          4.101880632153791,
          -7.427074926080364,
          5.097726311005507,
          2.272550105997591
        ],
        [
          -9.122251061682652,
          0.1758851014909107,
          6.254024056082207,
          -3.1260153877956345,
          9.218130761551283,
          -3.162822618658771,
          -5.955798899278185,
          -7.683260687208032,
          -2.3390310395656675,
          16.47918798276574,
          -2.3103849457558767,
          -2.1595656637767218
        ],
        [
          1.3521347004339712,
          1.3150817586467152,
          -2.5931602895170354,
          2.194274114807944,
          -3.728656379085149,
          3.240159261282754,
          1.1871684983285573,
          15.052556536401138,
          2.509513535579794,
          -8.091973496305329,
          -0.0835799195462137,
          2.769123259495443
        ],
        [
          -7.343748802246908,
          -4.309172942775356,
          15.181840422981491,
          -3.463854728105155,
          1.4904924789752254,
          -8.714618763519422,
          -4.843579904452446,
          1.1901841987931565,
          -3.04400829470972,
          -1.2961535677853937,
          -5.8027145501533095,
          -2.150012015407532
        ],
        [
          -0.5850523729714083,
          -1.3472326140669795,
          -6.714532957858401,
          -6.227915869245964,
          4.399440809842724,
          -0.4055830110673351,
          3.149721818346643,
          0.6000734964805725,
          -3.5080216408277693,
          -0.8238384028685771,
          9.768115653320592,
          0.3014857701581278
        ],
        [
          -1.80679975884201,
          -0.29064757402435865,
          -9.42368896168888,
          1.976098455527709,
          -6.62984928828659,
          3.127743957364325,
          -3.721486939209674,
          -1.3467215182001286,
          -4.4478273032892774,
          0.013796871845751338,
          1.7686668867210698,
          -0.9672476919197214
        ],
        [
          -2.7142744442541726,
          -2.2617979480734225,
          10.339515309060527,
          -5.377761840492453,
          9.414542959460409,
          -8.292535967041177,
          -7.129408776550079,
          -8.136477747656063,
          -5.990336638670177,
          9.266927822733914,
          -4.26213550924795,
          -2.684645266867446
        ],
        [
          0.5145748142142732,
          0.5234494391550237,
          -10.783600334013817,
          3.304109627588358,
          -9.246886090878865,
          5.553835488581223,
          5.859749309533326,
          -5.963236064843372,
          2.239141706501809,
          0.9140836744147475,
          8.174615153639599E-4,
          2.1858076095451304
        ]
      ],
      "nablaW": [
        [
          0.0,
          0.0,
          0.0,
          0.0,
          0.0,
          0.0,
          0.0,
          0.0,
          0.0,
          0.0,
          0.0,
          0.0
        ],
        [
          0.0,
          0.0,
          0.0,
          0.0,
          0.0,
          0.0,
          0.0,
          0.0,
          0.0,
          0.0,
          0.0,
          0.0
        ],
        [
          0.0,
          0.0,
          0.0,
          0.0,
          0.0,
          0.0,
          0.0,
          0.0,
          0.0,
          0.0,
          0.0,
          0.0
        ],
        [
          0.0,
          0.0,
          0.0,
          0.0,
          0.0,
          0.0,
          0.0,
          0.0,
          0.0,
          0.0,
          0.0,
          0.0
        ],
        [
          0.0,
          0.0,
          0.0,
          0.0,
          0.0,
          0.0,
          0.0,
          0.0,
          0.0,
          0.0,
          0.0,
          0.0
        ],
        [
          0.0,
          0.0,
          0.0,
          0.0,
          0.0,
          0.0,
          0.0,
          0.0,
          0.0,
          0.0,
          0.0,
          0.0
        ],
        [
          0.0,
          0.0,
          0.0,
          0.0,
          0.0,
          0.0,
          0.0,
          0.0,
          0.0,
          0.0,
          0.0,
          0.0
        ],
        [
          0.0,
          0.0,
          0.0,
          0.0,
          0.0,
          0.0,
          0.0,
          0.0,
          0.0,
          0.0,
          0.0,
          0.0
        ]
      ],
      "b": [
        -3.1038300656607807,
        -16.011236448882325,
        -9.59426363735276,
        -1.7300838799638203,
        -9.65619255929601,
        5.308812656388968,
        -8.225679835787773,
        1.475800050634793
      ],
      "nablaB": [
        0.0,
        0.0,
        0.0,
        0.0,
        0.0,
        0.0,
        0.0,
        0.0
      ]
    },
    {
      "w": [
        [
          -10.934198254232884,
          1.3280815411459044,
          -6.22320873429415,
          1.2075244900036417,
          0.9211247129474331,
          -4.536738080137774,
          1.5603595328127877,
          -8.314845735902306
        ],
        [
          -1.6746607720058968,
          -1.275227174594964,
          -1.6228697636344709,
          -1.2258760616604039,
          -0.7344287187568388,
          2.8191405730197627,
          -1.5675678063354925,
          -3.1955642526978703
        ],
        [
          0.9169038744470241,
          -0.7774737831577081,
          2.412564479978657,
          0.6639694505700017,
          0.659627460705001,
          -4.102284469266836,
          -1.2436248858842458,
          5.3127308514128435
        ],
        [
          2.9834390502603125,
          -2.8688267603003843,
          0.691998323437895,
          -2.41475511499949,
          0.09679913936883178,
          1.581126785349225,
          -2.3341594138322197,
          -1.2013953751818456
        ],
        [
          -1.9318120723925005,
          -0.47905210069556514,
          -1.644841122969115,
          -1.3574164828085595,
          -0.47179149697562905,
          0.4815216141470217,
          -0.5351672313700827,
          -1.41582087985463
        ],
        [
          -2.3955177141029234,
          -0.6541607019761787,
          -0.9483597503653515,
          -2.4502578171898444,
          -1.1185894450488707,
          -0.8101268316169431,
          -1.8407241073753178,
          -1.9881007468554355
        ],
        [
          -1.4572025197395801,
          -1.0574970377990152,
          -1.9993996136571337,
          -1.2609862328814392,
          -2.4013756718830814,
          -0.3680580164809645,
          -2.648567468517498,
          -1.8913199268815268
        ],
        [
          -1.517328057694799,
          -1.5634126239704984,
          -2.31759876193627,
          -1.956279000384344,
          -1.4970153762340106,
          -0.12699809363829653,
          -3.4371086831851545,
          -0.5308224657484818
        ],
        [
          -2.6454109116529976,
          -0.8444470055082248,
          -1.6695836322009605,
          -1.273019243972429,
          -2.1757074550090767,
          0.05366763295254722,
          -3.4503482797259464,
          -1.3254977113658097
        ],
        [
          -2.724839431296097,
          -0.8668783635976209,
          -1.2081199575917596,
          -1.3911688572064838,
          -1.817447154361816,
          -0.32262628956839534,
          -3.5016464742313818,
          -0.7906158880815424
        ]
      ],
      "nablaW": [
        [
          0.0,
          0.0,
          0.0,
          0.0,
          0.0,
          0.0,
          0.0,
          0.0
        ],
        [
          0.0,
          0.0,
          0.0,
          0.0,
          0.0,
          0.0,
          0.0,
          0.0
        ],
        [
          0.0,
          0.0,
          0.0,
          0.0,
          0.0,
          0.0,
          0.0,
          0.0
        ],
        [
          0.0,
          0.0,
          0.0,
          0.0,
          0.0,
          0.0,
          0.0,
          0.0
        ],
        [
          0.0,
          0.0,
          0.0,
          0.0,
          0.0,
          0.0,
          0.0,
          0.0
        ],
        [
          0.0,
          0.0,
          0.0,
          0.0,
          0.0,
          0.0,
          0.0,
          0.0
        ],
        [
          0.0,
          0.0,
          0.0,
          0.0,
          0.0,
          0.0,
          0.0,
          0.0
        ],
        [
          0.0,
          0.0,
          0.0,
          0.0,
          0.0,
          0.0,
          0.0,
          0.0
        ],
        [
          0.0,
          0.0,
          0.0,
          0.0,
          0.0,
          0.0,
          0.0,
          0.0
        ],
        [
          0.0,
          0.0,
          0.0,
          0.0,
          0.0,
          0.0,
          0.0,
          0.0
        ]
      ],
      "b": [
        -1.390985223668459,
        1.1841917061713776,
        -2.551982081301984,
        -2.9372160638951157,
        -5.054113801308231,
        -5.856603589365506,
        -5.422326364209536,
        -6.189295075172755,
        -6.198929708673503,
        -6.251887529967328
      ],
      "nablaB": [
        0.0,
        0.0,
        0.0,
        0.0,
        0.0,
        0.0,
        0.0,
        0.0,
        0.0,
        0.0
      ]
    }
  ]
}