Posterior: 0.596197
{
  "topologia": [
    30,
    15,
    25,
    10
  ],
  "learningRate": 0.1,
  "cantEntrenamientos": 1000,
  "capas": [
    {
      "w": [
        [
          -1.836407132760086,
          -1.0451799283587786,
          0.993216713755986,
          -0.7355668446305926,
          -2.1734707900169954,
          -7.97436083110855,
          1.2060980032838697,
          0.34191596404120433,
          4.51653810640774,
          5.650828145083844,
          -2.91587727645739,
          -3.888118364304637,
          -2.9997079392308454,
          1.232474705934942,
          -13.934006839722551,
          -15.459089099372756,
          -1.7835306821705597,
          1.8745663898855673,
          -1.2967007826059689,
          -0.28432259435965523,
          -6.607097183502953,
          -6.743719343933276,
          -0.7349696135177187,
          -2.0981464742272813,
          0.14312104850027876,
          -0.22521741785862376,
          -5.290742668266555,
          -9.200410602043805,
          -0.8204483726166146,
          -5.038410554319087
        ],
        [
          1.892179162196726,
          -1.065559132926126,
          -7.369016006905227,
          5.68497618528989,
          -2.671176793065439,
          5.794856681565804,
          1.0424650688768995,
          3.8924520575861945,
          -7.673330255722948,
          -3.915754681426089,
          1.8034541304617486,
          -2.0363087474212964,
          3.5136582864955996,
          0.6620620004456762,
          -10.863149091417874,
          -0.724609529527137,
          4.5496099079516785,
          -3.1030002906513285,
          -1.9422779465217632,
          2.3960538046709425,
          -15.637976764863545,
          -4.542687760422558,
          -5.743826051156186,
          0.6204654947749144,
          -1.4145160889619224,
          0.6968299046860993,
          -7.342985741355764,
          5.503253364737277,
          -2.7316317605000187,
          7.403593696914576
        ],
        [
          0.7413559767146528,
          1.8060243103390536,
          -5.08539872342871,
          -3.3815851902040146,
          3.118702470479003,
          -0.2642349252083492,
          -1.2450371507223803,
          0.7453969785247074,
          -2.129452228237173,
          -3.4215939343376682,
          6.541283009103479,
          -1.1640730285169756,
          -0.0804467448769266,
          -0.42696230058905377,
          -4.129655929054924,
          -1.5214226254962595,
          7.5898918020792365,
          1.8185871195015817,
          2.0916707608362426,
          -0.41527895124010133,
          -5.519133782732111,
          -2.9184265758440664,
          3.3951747140955693,
          0.3361480601129082,
          3.9998637197196723,
          -0.6981133194995183,
          -6.644748917539388,
          -3.459025717197803,
          6.73714529852365,
          -6.501781848212836
        ],
        [
          0.48547911290675405,
          1.0256687916707208,
          3.6467028299036186,
          2.379978675805237,
          2.015930030658374,
          -12.786509221917246,
          0.2914088920073032,
          1.1732571132552265,
          1.5518570864657752,
          1.9852878967254406,
          1.739137587175014,
          -12.812550236752752,
          -0.0538283004666341,
          0.2455390721288907,
          -1.6736156765932524,
          -3.927456421591407,
          1.679703229361674,
          -10.552007438709182,
          -1.4419233889897807,
          -1.2411920298046046,
          1.388482935190208,
          1.1187506576544624,
          1.9030915165948668,
          -9.509270782035868,
          1.6266787195334598,
          3.187487538216544,
          2.5310314756584136,
          1.6903141669751236,
          2.2341081626485293,
          -11.310304882430584
        ],
        [
          0.22642762103609915,
          0.9259158930859993,
          -3.9257716139490477,
          -6.969432740258744,
          -8.123635734120453,
          -4.368938846823124,
          0.5176013689348187,
          0.5353492027141364,
          -3.8153756058578803,
          -4.469476429915588,
          -7.816427280207024,
          -1.4955818314370162,
          1.0924925002956343,
          0.4605834229108006,
          -2.035725238261047,
          -0.3995097992608529,
          -9.356231915748735,
          -4.709027957734631,
          -0.11485019288846371,
          -1.9287723207961125,
          -0.03326675523208756,
          -3.4736493855875237,
          -4.251862237173889,
          -3.3746398991899573,
          -1.7686976067022626,
          0.7617709216342848,
          -2.472211230500937,
          -3.3450395965166555,
          -5.444970606280015,
          -1.4910516243662704
        ],
        [
          0.6556646653105656,
          -1.0087932392468233,
          -0.04919536658437356,
          -0.7917659126871791,
          3.3004690348313948,
          -5.070871694319116,
          0.6925427513947459,
          1.6201891215203825,
          1.167402888526342,
          -1.0737214834744486,
          1.7599463024949356,
          -4.83903318075621,
          1.701606065286555,
          -1.5179052423468669,
          1.7256642088858063,
          0.457835799332166,
          1.5388945327565595,
          -7.787032887840532,
          -0.8281491267501747,
          1.3277825851867504,
          1.7770433295258703,
          -0.5696310520806731,
          2.9225040070051906,
          -6.460200035152849,
          0.10866112567744451,
          0.17173732646309722,
          2.0005017702338446,
          0.24404550413728565,
          3.1679493434998545,
          -5.177502599689791
        ],
        [
          0.5219015003967534,
          -0.42204206136920436,
          -7.3765785482286255,
          -7.950684348592625,
          6.062765489362777,
          2.457022157740055,
          -1.2361852723470044,
          1.277765657117101,
          -11.02428794154215,
          -5.4723380340664365,
          -0.20498432665507013,
          9.16166103442038,
          0.6721962375605228,
          -1.1665457998763513,
          -9.759309562447063,
          -11.533243340407754,
          4.959338871808272,
          0.06696756274514397,
          0.6755408193483216,
          -0.24358354774285068,
          -8.400729733866719,
          -8.344400628166117,
          1.1406334428381066,
          1.1487136557129847,
          2.19315198015105,
          2.3957372825800163,
          0.49670822497806066,
          0.5832671354583593,
          2.1376558974035684,
          22.413632631924145
        ],
        [
          -0.15362127241059065,
          -0.005107614865424365,
          -1.6220487396972152,
          6.859367510268602,
          -2.4491307445251507,
          0.4421703397587303,
          -0.4331699453442476,
          -0.7813607332445989,
          1.421326788659036,
          10.323558657185364,
          -0.1857477236085768,
          3.5827605540516196,
          0.6555573376385013,
          0.2094202664393309,
          -2.68986490393293,
          6.009230529277377,
          -6.5014765539315045,
          -0.8715697898014574,
          0.7160150469386753,
          -0.8163601807151186,
          -2.109792187516803,
          10.832576803416604,
          -0.7298061412723174,
          -1.9100659699841886,
          0.03687175972133562,
          -0.5280726558902749,
          -2.1779499030474194,
          9.483129467761273,
          -0.9205271582887481,
          -1.710586435468954
        ],
        [
          -1.3743648919043205,
          -1.3742736791091452,
          0.8988574070999686,
          -4.324367046957384,
          -0.4467055696726449,
          13.091678064808322,
          -1.188593552191,
          -0.20416002848126824,
          -2.1187036101030565,
          -1.8935416934687064,
          -1.2511561414922872,
          11.432979996473705,
          1.987658803859274,
          -1.926084913695033,
          -0.10118259147844964,
          -1.4479011288853278,
          -2.500002504292146,
          15.108027193136525,
          -2.596903713658849,
          1.8609086087480315,
          0.7570388353576416,
          -3.2040677763633205,
          -2.020187538861594,
          13.454601896360316,
          -3.420332052990172,
          1.90112456814229,
          0.1331493089659999,
          -5.217903946737706,
          -1.548033789118447,
          13.061759777601331
        ],
        [
          4.377674566961229,
          -0.5526835626396925,
          -4.544258408705987,
          2.107105379801195,
          -2.2496793236715606,
          -5.403998396328911,
          5.848294012361207,
          -1.1552042474790356,
          -0.45673742181080196,
          -1.8373188513141332,
          -18.38478197864919,
          1.0147661667898087,
          3.7908386298365673,
          -7.608987478748727,
          1.7851551971791517,
          8.080547255476679,
          -3.9666125737769704,
          5.787989020351473,
          4.894736330047019,
          1.098018652780448,
          -7.776743421995521,
          0.08391238177846659,
          -7.764673635315723,
          -8.365389520271718,
          6.289494920028234,
          -5.163545168273369,
          -2.8006693326757643,
          9.678776289460773,
          -6.174566408221884,
          4.558759489918055
        ],
        [
          -0.789611359018619,
          0.14608099035181854,
          -5.324607170798765,
          -5.296857360801391,
          2.1239460059951485,
          -3.1000260631235865,
          -0.87722743368982,
          -0.277615011462479,
          -7.581606519431095,
          -1.9512797944255469,
          -0.8868377247494629,
          -0.6565997431734404,
          -0.23763809154863375,
          2.449824060426662,
          -3.401728563645031,
          -0.9611233642424579,
          -1.062270199568416,
          -1.5489521446447547,
          -0.21561666963734888,
          1.1612886500212063,
          -1.2247048834320495,
          -1.2264429393283953,
          1.4844419552136139,
          -0.6722831870153829,
          -0.9642930787864432,
          1.0234827627835286,
          -3.9154255671424307,
          -2.984196349141312,
          0.4290112613466219,
          -4.808615916488
        ],
        [
          0.6086208242627438,
          0.815371783833508,
          -2.6770984315067063,
          11.201433732736431,
          0.7355265315166845,
          -2.9038743482861906,
          0.7361379625236147,
          -1.124549888964803,
          -5.995234665062225,
          5.808446453512625,
          -0.12127999602066916,
          -8.960520037623358,
          -0.05611289095672681,
          -0.39811713773312274,
          2.8806985796284668,
          16.330915413776598,
          5.320888874702479,
          -2.848686348643282,
          -1.1552257390241207,
          -0.5746789676994702,
          -0.08392909368417474,
          12.558607503710988,
          -0.06654992331335087,
          -2.752826714056196,
          -2.824518650725389,
          1.8092343440218857,
          1.9437620936762625,
          13.779651486060244,
          0.38049871565105864,
          -0.580206015993658
        ],
        [
          0.15588758918307305,
          0.7306329100507905,
          -0.7009276043887555,
          -0.3619319266741198,
          -6.537021304481587,
          0.41462995157646365,
          -0.4277018578530481,
          0.16832452190916855,
          -0.11187454686805966,
          -2.211380731270298,
          -3.6440220183240264,
          -1.9765496556802413,
          -0.4141354162856513,
          0.07056993987857378,
          0.2832395276281562,
          -1.4809648894570528,
          -3.122152081121174,
          -1.4029940383323067,
          -0.4017138104845687,
          -0.019438774529964266,
          -0.5425222461401015,
          -1.8609716845564985,
          -5.544137193769652,
          0.00687020522462879,
          0.14573412605961203,
          -0.29818825938420385,
          -1.5251574485799857,
          -3.4769669340828777,
          -5.155545088440316,
          -0.08760667621910022
        ],
        [
          -0.37265210125979464,
          -4.885485966547052,
          4.364037150787955,
          -7.067167184539064,
          1.2022000176362084,
          0.014451944091857391,
          3.219924290514658,
          -3.777313283312756,
          -1.679855520545819,
          -10.215055551222074,
          2.915084804587022,
          -1.5901129391843656,
          -1.4587473861351736,
          -6.944728754530096,
          -1.0809461871643573,
          -11.176441935386665,
          -8.568248952399319,
          -0.755745792428109,
          -1.8986647148962739,
          -5.964326227185669,
          -0.36838105017607525,
          -2.0676364537204126,
          11.18849401847958,
          -8.96196270358518,
          -1.8951221183411753,
          -2.9927755618272425,
          3.0001228702432376,
          -1.3274035446096024,
          4.965387391124224,
          -3.929307315451211
        ],
        [
          0.9534595779579481,
          0.4765732716679308,
          12.746967513989608,
          -1.338774734076025,
          -0.24274952418912366,
          -0.25442336888236416,
          1.038964402564152,
          0.31325101393996024,
          8.044407950745418,
          -3.6735100162557353,
          -1.0725840211063862,
          0.1434289761748869,
          0.5746493226774426,
          1.923771922218095,
          9.241108625385799,
          -2.135082526354955,
          -0.9037067844721939,
          0.6988922617346904,
          -0.47582399881735754,
          0.6757688484581211,
          7.326834055311481,
          -5.48993771973687,
          0.2883388378348971,
          1.063943939998783,
          -0.37250778109739324,
          1.174638054103819,
          10.87244338089233,
          0.14766506721924144,
          -1.7932580596698757,
          0.5355690101743832
        ]
      ],
      "nablaW": [
        [
          0.0,
          0.0,
          0.0,
          0.0,
          0.0,
          0.0,
          0.0,
          0.0,
          0.0,
          0.0,
          0.0,
          0.0,
          0.0,
          0.0,
          0.0,
          0.0,
          0.0,
          0.0,
          0.0,
          0.0,
          0.0,
          0.0,
          0.0,
          0.0,
          0.0,
          0.0,
          0.0,
          0.0,
          0.0,
          0.0
        ],
        [
          0.0,
          0.0,
          0.0,
          0.0,
          0.0,
          0.0,
          0.0,
          0.0,
          0.0,
          0.0,
          0.0,
          0.0,
          0.0,
          0.0,
          0.0,
          0.0,
          0.0,
          0.0,
          0.0,
          0.0,
          0.0,
          0.0,
          0.0,
          0.0,
          0.0,
          0.0,
          0.0,
          0.0,
          0.0,
          0.0
        ],
        [
          0.0,
          0.0,
          0.0,
          0.0,
          0.0,
          0.0,
          0.0,
          0.0,
          0.0,
          0.0,
          0.0,
          0.0,
          0.0,
          0.0,
          0.0,
          0.0,
          0.0,
          0.0,
          0.0,
          0.0,
          0.0,
          0.0,
          0.0,
          0.0,
          0.0,
          0.0,
          0.0,
          0.0,
          0.0,
          0.0
        ],
        [
          0.0,
          0.0,
          0.0,
          0.0,
          0.0,
          0.0,
          0.0,
          0.0,
          0.0,
          0.0,
          0.0,
          0.0,
          0.0,
          0.0,
          0.0,
          0.0,
          0.0,
          0.0,
          0.0,
          0.0,
          0.0,
          0.0,
          0.0,
          0.0,
          0.0,
          0.0,
          0.0,
          0.0,
          0.0,
          0.0
        ],
        [
          0.0,
          0.0,
          0.0,
          0.0,
          0.0,
          0.0,
          0.0,
          0.0,
          0.0,
          0.0,
          0.0,
          0.0,
          0.0,
          0.0,
          0.0,
          0.0,
          0.0,
          0.0,
          0.0,
          0.0,
          0.0,
          0.0,
          0.0,
          0.0,
          0.0,
          0.0,
          0.0,
          0.0,
          0.0,
          0.0
        ],
        [
          0.0,
          0.0,
          0.0,
          0.0,
          0.0,
          0.0,
          0.0,
          0.0,
          0.0,
          0.0,
          0.0,
          0.0,
          0.0,
          0.0,
          0.0,
          0.0,
          0.0,
          0.0,
          0.0,
          0.0,
          0.0,
          0.0,
          0.0,
          0.0,
          0.0,
          0.0,
          0.0,
          0.0,
          0.0,
          0.0
        ],
        [
          0.0,
          0.0,
          0.0,
          0.0,
          0.0,
          0.0,
          0.0,
          0.0,
          0.0,
          0.0,
          0.0,
          0.0,
          0.0,
          0.0,
          0.0,
          0.0,
          0.0,
          0.0,
          0.0,
          0.0,
          0.0,
          0.0,
          0.0,
          0.0,
          0.0,
          0.0,
          0.0,
          0.0,
          0.0,
          0.0
        ],
        [
          0.0,
          0.0,
          0.0,
          0.0,
          0.0,
          0.0,
          0.0,
          0.0,
          0.0,
          0.0,
          0.0,
          0.0,
          0.0,
          0.0,
          0.0,
          0.0,
          0.0,
          0.0,
          0.0,
          0.0,
          0.0,
          0.0,
          0.0,
          0.0,
          0.0,
          0.0,
          0.0,
          0.0,
          0.0,
          0.0
        ],
        [
          0.0,
          0.0,
          0.0,
          0.0,
          0.0,
          0.0,
          0.0,
          0.0,
          0.0,
          0.0,
          0.0,
          0.0,
          0.0,
          0.0,
          0.0,
          0.0,
          0.0,
          0.0,
          0.0,
          0.0,
          0.0,
          0.0,
          0.0,
          0.0,
          0.0,
          0.0,
          0.0,
          0.0,
          0.0,
          0.0
        ],
        [
          0.0,
          0.0,
          0.0,
          0.0,
          0.0,
          0.0,
          0.0,
          0.0,
          0.0,
          0.0,
          0.0,
          0.0,
          0.0,
          0.0,
          0.0,
          0.0,
          0.0,
          0.0,
          0.0,
          0.0,
          0.0,
          0.0,
          0.0,
          0.0,
          0.0,
          0.0,
          0.0,
          0.0,
          0.0,
          0.0
        ],
        [
          0.0,
          0.0,
          0.0,
          0.0,
          0.0,
          0.0,
          0.0,
          0.0,
          0.0,
          0.0,
          0.0,
          0.0,
          0.0,
          0.0,
          0.0,
          0.0,
          0.0,
          0.0,
          0.0,
          0.0,
          0.0,
          0.0,
          0.0,
          0.0,
          0.0,
          0.0,
          0.0,
          0.0,
          0.0,
          0.0
        ],
        [
          0.0,
          0.0,
          0.0,
          0.0,
          0.0,
          0.0,
          0.0,
          0.0,
          0.0,
          0.0,
          0.0,
          0.0,
          0.0,
          0.0,
          0.0,
          0.0,
          0.0,
          0.0,
          0.0,
          0.0,
          0.0,
          0.0,
          0.0,
          0.0,
          0.0,
          0.0,
          0.0,
          0.0,
          0.0,
          0.0
        ],
        [
          0.0,
          0.0,
          0.0,
          0.0,
          0.0,
          0.0,
          0.0,
          0.0,
          0.0,
          0.0,
          0.0,
          0.0,
          0.0,
          0.0,
          0.0,
          0.0,
          0.0,
          0.0,
          0.0,
          0.0,
          0.0,
          0.0,
          0.0,
          0.0,
          0.0,
          0.0,
          0.0,
          0.0,
          0.0,
          0.0
        ],
        [
          0.0,
          0.0,
          0.0,
          0.0,
          0.0,
          0.0,
          0.0,
          0.0,
          0.0,
          0.0,
          0.0,
          0.0,
          0.0,
          0.0,
          0.0,
          0.0,
          0.0,
          0.0,
          0.0,
          0.0,
          0.0,
          0.0,
          0.0,
          0.0,
          0.0,
          0.0,
          0.0,
          0.0,
          0.0,
          0.0
        ],
        [
          0.0,
          0.0,
          0.0,
          0.0,
          0.0,
          0.0,
          0.0,
          0.0,
          0.0,
          0.0,
          0.0,
          0.0,
          0.0,
          0.0,
          0.0,
          0.0,
          0.0,
          0.0,
          0.0,
          0.0,
          0.0,
          0.0,
          0.0,
          0.0,
          0.0,
          0.0,
          0.0,
          0.0,
          0.0,
          0.0
        ]
      ],
      "b": [
        27.3404471520884,
        8.90218748358942,
        8.608423642117081,
        -5.732297884281959,
        18.394804676523457,
        14.37642288686899,
        10.599702238232515,
        1.1000806593954988,
        -7.308037150543535,
        10.37153110387464,
        16.243660123931836,
        -3.1732440666704846,
        23.468032937246235,
        23.05430919728146,
        -6.756256132734001
      ],
      "nablaB": [
        0.0,
        0.0,
        0.0,
        0.0,
        0.0,
        0.0,
        0.0,
        0.0,
        0.0,
        0.0,
        0.0,
        0.0,
        0.0,
        0.0,
        0.0
      ]
    },
    {
      "w": [
        [
          -0.9976669133872963,
          6.043768477176358,
          -1.4433679710464815,
          7.9973585314858635,
          10.163922320185495,
          -6.566028828125935,
          -3.45681557298156,
          -8.821677953742874,
          -3.1080656063905847,
          -0.8082297572396178,
          9.179446600766964,
          -5.428310212420992,
          -9.36540170764782,
          1.889879129456469,
          -10.879405797337137
        ],
        [
          -0.05390154312994159,
          0.5678665477609499,
          3.5488808535475447,
          7.081439956943183,
          -4.905979378205858,
          6.19175398558705,
          -6.586468710314487,
          -18.121986910604573,
          -3.427851828779684,
          -12.95727862317056,
          -1.5160578646399003,
          2.725762254896386,
          -8.139641780228533,
          10.235165950884191,
          -9.202743817787038
        ],
        [
          -5.058323911811294,
          1.0894670916311926,
          -1.810025697439654,
          2.121232111318758,
          -8.091810491801064,
          -3.3100814191789407,
          1.3845452975688106,
          -15.510033309002417,
          -4.1603561745984035,
          1.0927938465176614,
          1.7575317919013793,
          -4.639686891646411,
          -1.2768043436995216,
          2.7024383317141853,
          3.262986495162524
        ],
        [
          -8.898360375353075,
          -1.3025510600029295,
          -0.6520855403210196,
          1.9040330957990053,
          3.5842119061526936,
          -5.085083863421097,
          -6.570509769225521,
          4.015548913907672,
          1.6154082236224052,
          6.648038817631278,
          -4.416303113554045,
          2.9739437192635174,
          -4.444494173283789,
          -11.917585725947385,
          -4.4679313007790915
        ],
        [
          -4.591951813669667,
          -0.7903546744503277,
          -5.149249617511577,
          3.744678150974557,
          2.53509720681548,
          -6.572565063238914,
          -3.272649664805517,
          -1.053887135573058,
          -4.213104843688097,
          7.810978515226279,
          -8.0034901573731,
          -2.0891521811301104,
          -3.273082953295149,
          -10.250838067056847,
          -4.169893400363387
        ],
        [
          -3.0126842117914534,
          -5.838219058896373,
          1.3266707788478451,
          -1.384395498546308,
          -1.5592209014952254,
          -5.144894403408478,
          -7.120288333636151,
          3.515571470523937,
          7.394677477136791,
          -4.30831542162078,
          -4.63947013145273,
          -5.888721689270589,
          -5.454773336220786,
          -1.8552032144581527,
          4.888553592384843
        ],
        [
          -11.923193664768876,
          9.848761183732085,
          7.0947801842542395,
          3.032518933654604,
          0.6144568739275559,
          -2.410030601619208,
          7.691480115300548,
          -0.52641934369762,
          -8.551455010086409,
          -1.8384268364478535,
          2.456581780319231,
          -6.765243668024233,
          -9.351567496929382,
          0.29454501783470116,
          -6.5454633302715335
        ],
        [
          1.787136261876386,
          -5.9360784741235335,
          -12.517199435627564,
          1.3825793883066324,
          -8.581602803684163,
          3.0364514502679314,
          -18.04252027181881,
          3.3505766195719437,
          -0.9813597323602058,
          0.7329148632281154,
          -4.756872612181964,
          5.169556538892302,
          -2.6345526172040383,
          -5.248628837928107,
          -7.513962509730812
        ],
        [
          -5.610373507637037,
          6.319308095807088,
          -4.8972798145656435,
          0.531848842594688,
          -3.874908219131669,
          -5.465931807822879,
          1.6951537102300314,
          4.08816362796029,
          1.689923634513701,
          0.249331429251754,
          -1.7540565396866454,
          -7.507119342138673,
          -7.214197692426575,
          -3.1277665001205968,
          -7.954154153637256
        ],
        [
          -1.2628910276040217,
          -5.3690694500109455,
          2.09444098577792,
          1.7458995831474342,
          -3.0962085000545216,
          -2.806445297723075,
          1.6592726161728466,
          0.295599416735119,
          8.991831877821776,
          -14.809653999347834,
          -5.450175687824813,
          -4.017760720009272,
          -6.585929933552038,
          -2.228417130928512,
          2.908156860703914
        ],
        [
          4.691659271665828,
          5.339160481605018,
          -4.650197179595412,
          -2.0389407883456476,
          13.529075009586238,
          -7.408761150425304,
          6.205191063720823,
          -9.197307146600448,
          -9.495449610967462,
          -5.767662288718758,
          8.280128086405947,
          -7.279051404187431,
          2.723991699206356,
          3.9764363738542725,
          -4.818424806201989
        ],
        [
          -0.5921719500776518,
          1.8520785029775866,
          0.007063262440628611,
          2.048056836242266,
          5.909012774276616,
          -2.170875689442097,
          -4.240653378282992,
          4.933361354561619,
          -0.8220836035877512,
          -4.766703459579843,
          -0.5396580657954748,
          -2.8537980527835582,
          -5.604991305557258,
          -5.095012274865841,
          -10.520537787265036
        ],
        [
          -1.0560825682284671,
          -3.843073036382856,
          -5.979798268675691,
          3.7779863978704795,
          -5.730036907211861,
          -1.1627727521154068,
          -8.53912495189953,
          -5.737486185677697,
          -7.719951894192499,
          1.9950467231528823,
          -6.174442875434362,
          -5.502261275493937,
          -2.3506477368587277,
          -0.6336301162724913,
          11.034066554618393
        ],
        [
          -10.00686268923519,
          -13.605786673106902,
          -8.179169510947409,
          -1.0989533581737,
          -7.807281561009967,
          -7.455295635658815,
          2.6603430727058863,
          -8.276639526217505,
          6.84108399389301,
          1.9651650845261668,
          -4.658770499566063,
          -3.0995852172814478,
          1.018167288932301,
          0.4039527001700711,
          2.87057443121715
        ],
        [
          -0.6873489642866488,
          6.688812445462586,
          -5.096192697617389,
          5.493066636160093,
          15.335231133507042,
          -3.168079526106643,
          -3.1656350299301237,
          -2.5706773723428142,
          -1.2074558562567237,
          8.768902470760574,
          -0.09375345419682313,
          -11.544441123523123,
          4.910380888261422,
          -1.1550829232318045,
          -6.458904783680989
        ],
        [
          -1.76472030217931,
          -5.322701020966266,
          -9.076134619261625,
          0.8253920514843799,
          1.5706570357138012,
          2.4202118861993123,
          -6.684835289469879,
          -8.701428331086245,
          2.663690782570258,
          -0.5907197636598847,
          -7.891522180850458,
          0.25362763519330467,
          -5.056539256361234,
          2.1813423132975376,
          2.7054118871218953
        ],
        [
          -4.089167811948892,
          -5.3476098015051035,
          -4.903417230470103,
          7.828719756252199,
          3.111909940190873,
          -1.2994071544204573,
          -5.625855258723464,
          -5.312718154733957,
          1.3930834499613105,
          0.683732504669194,
          -5.701534038887995,
          -4.10246890825265,
          -6.311480328540894,
          0.3668052716206543,
          -0.06888940450176989
        ],
        [
          9.390143362123112,
          9.621959913959396,
          1.869519043443427,
          -3.3792380654433294,
          -2.0089417699559284,
          -16.78326898137174,
          -11.14647122875639,
          -5.370969660374635,
          -1.5284000028090807,
          8.027226080337014,
          15.829228576003086,
          1.6776966676037275,
          -7.955887403476967,
          3.110334771107046,
          -4.337894371474364
        ],
        [
          -0.9068810623246042,
          -3.5513059446564745,
          -3.4365248387929523,
          2.4484580935692892,
          3.830027410598428,
          -1.6124599770643042,
          1.1638868007543317,
          -1.1460478277485577,
          -10.087132704274216,
          7.458200794856981,
          3.1309917754266507,
          -8.603949721221896,
          -8.556126570711433,
          12.865135526142259,
          -0.491982112933722
        ],
        [
          -1.2928733194622823,
          2.7355280956098325,
          -2.225390937494069,
          -1.409207754699015,
          3.3716306312371973,
          -0.5564306362538406,
          2.0668225488042613,
          -2.7538113483692177,
          13.741598926821359,
          -3.3753820927298803,
          -4.6067209152066795,
          3.1967419177661385,
          -7.120985503311363,
          -5.3221158738554015,
          -5.555034805426228
        ],
        [
          1.8439370059469857,
          -8.312085401706206,
          -0.6409264172252208,
          7.60442399975789,
          6.561660120621223,
          -4.233862946943949,
          0.0184525569911319,
          -5.252008298823484,
          -2.0264634560883654,
          0.8680030566085901,
          1.6635726336568668,
          -4.726686001473152,
          0.2784549406127434,
          -1.9976440884346711,
          0.23025625074686823
        ],
        [
          3.5771449005474487,
          -3.0552665166627953,
          -2.0556664426700286,
          -8.072417166241834,
          -5.861763887225288,
          -4.884745067372933,
          -2.47284346565319,
          -5.019815048586097,
          1.2869973637459187,
          -0.13825702456735806,
          -0.11368005827366195,
          7.17259342665713,
          3.57844415176898,
          6.579752048391994,
          -2.325757108475497
        ],
        [
          -10.025031618793314,
          -4.750248050566871,
          4.052222089188151,
          9.508863258839089,
          1.3570415532990339,
          -5.031111901369889,
          1.186724708678545,
          1.7671545232051054,
          -6.118067252581754,
          -3.9338415724650373,
          -5.157645125000738,
          10.329683993075648,
          -1.2662924540273255,
          -4.039936725379797,
          0.4622853882985087
        ],
        [
          -12.818677025736148,
          2.7611560409005262,
          -4.18552071237625,
          6.589284428280347,
          -0.8406698440320743,
          -5.101743225668102,
          4.78360774589682,
          1.6597949903470257,
          -3.0479799862917614,
          4.579462134169671,
          -5.580393965217934,
          0.7328044270430829,
          -5.064819470781264,
          -2.6279553970749743,
          1.7090670280535114
        ],
        [
          3.7280212632518133,
          -5.881030650621497,
          -0.21509766531091867,
          3.0619359507508728,
          10.556813951294354,
          2.3404537197909745,
          4.206245333499173,
          -3.037839217171455,
          -6.765700291141221,
          -8.947825720842097,
          0.769855515999512,
          -7.329454618618796,
          -2.1309422440260843,
          -9.88787316355224,
          -3.0954553460580465
        ]
      ],
      "nablaW": [
        [
          0.0,
          0.0,
          0.0,
          0.0,
          0.0,
          0.0,
          0.0,
          0.0,
          0.0,
          0.0,
          0.0,
          0.0,
          0.0,
          0.0,
          0.0
        ],
        [
          0.0,
          0.0,
          0.0,
          0.0,
          0.0,
          0.0,
          0.0,
          0.0,
          0.0,
          0.0,
          0.0,
          0.0,
          0.0,
          0.0,
          0.0
        ],
        [
          0.0,
          0.0,
          0.0,
          0.0,
          0.0,
          0.0,
          0.0,
          0.0,
          0.0,
          0.0,
          0.0,
          0.0,
          0.0,
          0.0,
          0.0
        ],
        [
          0.0,
          0.0,
          0.0,
          0.0,
          0.0,
          0.0,
          0.0,
          0.0,
          0.0,
          0.0,
          0.0,
          0.0,
          0.0,
          0.0,
          0.0
        ],
        [
          0.0,
          0.0,
          0.0,
          0.0,
          0.0,
          0.0,
          0.0,
          0.0,
          0.0,
          0.0,
          0.0,
          0.0,
          0.0,
          0.0,
          0.0
        ],
        [
          0.0,
          0.0,
          0.0,
          0.0,
          0.0,
          0.0,
          0.0,
          0.0,
          0.0,
          0.0,
          0.0,
          0.0,
          0.0,
          0.0,
          0.0
        ],
        [
          0.0,
          0.0,
          0.0,
          0.0,
          0.0,
          0.0,
          0.0,
          0.0,
          0.0,
          0.0,
          0.0,
          0.0,
          0.0,
          0.0,
          0.0
        ],
        [
          0.0,
          0.0,
          0.0,
          0.0,
          0.0,
          0.0,
          0.0,
          0.0,
          0.0,
          0.0,
          0.0,
          0.0,
          0.0,
          0.0,
          0.0
        ],
        [
          0.0,
          0.0,
          0.0,
          0.0,
          0.0,
          0.0,
          0.0,
          0.0,
          0.0,
          0.0,
          0.0,
          0.0,
          0.0,
          0.0,
          0.0
        ],
        [
          0.0,
          0.0,
          0.0,
          0.0,
          0.0,
          0.0,
          0.0,
          0.0,
          0.0,
          0.0,
          0.0,
          0.0,
          0.0,
          0.0,
          0.0
        ],
        [
          0.0,
          0.0,
          0.0,
          0.0,
          0.0,
          0.0,
          0.0,
          0.0,
          0.0,
          0.0,
          0.0,
          0.0,
          0.0,
          0.0,
          0.0
        ],
        [
          0.0,
          0.0,
          0.0,
          0.0,
          0.0,
          0.0,
          0.0,
          0.0,
          0.0,
          0.0,
          0.0,
          0.0,
          0.0,
          0.0,
          0.0
        ],
        [
          0.0,
          0.0,
          0.0,
          0.0,
          0.0,
          0.0,
          0.0,
          0.0,
          0.0,
          0.0,
          0.0,
          0.0,
          0.0,
          0.0,
          0.0
        ],
        [
          0.0,
          0.0,
          0.0,
          0.0,
          0.0,
          0.0,
          0.0,
          0.0,
          0.0,
          0.0,
          0.0,
          0.0,
          0.0,
          0.0,
          0.0
        ],
        [
          0.0,
          0.0,
          0.0,
          0.0,
          0.0,
          0.0,
          0.0,
          0.0,
          0.0,
          0.0,
          0.0,
          0.0,
          0.0,
          0.0,
          0.0
        ],
        [
          0.0,
          0.0,
          0.0,
          0.0,
          0.0,
          0.0,
          0.0,
          0.0,
          0.0,
          0.0,
          0.0,
          0.0,
          0.0,
          0.0,
          0.0
        ],
        [
          0.0,
          0.0,
          0.0,
          0.0,
          0.0,
          0.0,
          0.0,
          0.0,
          0.0,
          0.0,
          0.0,
          0.0,
          0.0,
          0.0,
          0.0
        ],
        [
          0.0,
          0.0,
          0.0,
          0.0,
          0.0,
          0.0,
          0.0,
          0.0,
          0.0,
          0.0,
          0.0,
          0.0,
          0.0,
          0.0,
          0.0
        ],
        [
          0.0,
          0.0,
          0.0,
          0.0,
          0.0,
          0.0,
          0.0,
          0.0,
          0.0,
          0.0,
          0.0,
          0.0,
          0.0,
          0.0,
          0.0
        ],
        [
          0.0,
          0.0,
          0.0,
          0.0,
          0.0,
          0.0,
          0.0,
          0.0,
          0.0,
          0.0,
          0.0,
          0.0,
          0.0,
          0.0,
          0.0
        ],
        [
          0.0,
          0.0,
          0.0,
          0.0,
          0.0,
          0.0,
          0.0,
          0.0,
          0.0,
          0.0,
          0.0,
          0.0,
          0.0,
          0.0,
          0.0
        ],
        [
          0.0,
          0.0,
          0.0,
          0.0,
          0.0,
          0.0,
          0.0,
          0.0,
          0.0,
          0.0,
          0.0,
          0.0,
          0.0,
          0.0,
          0.0
        ],
        [
          0.0,
          0.0,
          0.0,
          0.0,
          0.0,
          0.0,
          0.0,
          0.0,
          0.0,
          0.0,
          0.0,
          0.0,
          0.0,
          0.0,
          0.0
        ],
        [
          0.0,
          0.0,
          0.0,
          0.0,
          0.0,
          0.0,
          0.0,
          0.0,
          0.0,
          0.0,
          0.0,
          0.0,
          0.0,
          0.0,
          0.0
        ],
        [
          0.0,
          0.0,
          0.0,
          0.0,
          0.0,
          0.0,
          0.0,
          0.0,
          0.0,
          0.0,
          0.0,
          0.0,
          0.0,
          0.0,
          0.0
        ]
      ],
      "b": [
        7.601967341305348,
        8.395963163609514,
        -0.2409173450648795,
        0.03843350087118176,
        9.106931673124901,
        -1.9938625791200226,
        -0.6109365296012246,
        4.031929307618925,
        2.341836655402962,
        -2.9133500697542276,
        8.313285519199132,
        3.8681512858668046,
        5.858198776480779,
        6.326593398612158,
        6.258138044404412,
        2.94199449447398,
        9.592205388111012,
        4.409798923602875,
        -2.4654494694065354,
        -4.995738541223043,
        -2.625608250839572,
        -10.382842164470844,
        -3.6224938566794087,
        -3.168959563062679,
        0.6689083288592511
      ],
      "nablaB": [
        0.0,
        0.0,
        0.0,
        0.0,
        0.0,
        0.0,
        0.0,
        0.0,
        0.0,
        0.0,
        0.0,
        0.0,
        0.0,
        0.0,
        0.0,
        0.0,
        0.0,
        0.0,
        0.0,
        0.0,
        0.0,
        0.0,
        0.0,
        0.0,
        0.0
      ]
    },
    {
      "w": [
        [
          -8.574710334593696,
          -1.5836203640582527,
          0.5410469570807885,
          -1.3523672360822563,
          1.0080042693523077,
          -1.48433414759086,
          -1.071817119786832,
          -2.1952123011041604,
          -0.2349122060821738,
          -1.1520316360858043,
          -1.2020202491885645,
          -2.1048750822376836,
          -1.7709941211539626,
          -1.3018993366808065,
          -1.3504130209764618,
          -1.8820517974859512,
          -3.1668211593389795,
          -1.1329084289056885,
          -1.5495089518722933,
          -0.9770305662001891,
          -0.9740693418036476,
          2.6172108251749924,
          -1.4485330857270855,
          -2.2955052363695327,
          -4.264449362510336
        ],
        [
          -6.782894783415575,
          1.382179846467531,
          -2.733296117901851,
          1.0103441386246765,
          -4.065648680384964,
          1.3937045714417233,
          0.8697954503195788,
          1.8846915067242993,
          -4.319035037818418,
          0.8748201741003921,
          0.9535996381175557,
          0.875600442266567,
          1.7514846458905484,
          1.1288705487805986,
          1.1167362044653588,
          1.3503159449205793,
          -4.523035614887461,
          0.8864877966360658,
          1.6342248112873252,
          0.8332789909179427,
          -3.511364951618777,
          -2.1912338509503435,
          1.2644575384609738,
          2.008254397837836,
          4.144173145724861
        ],
        [
          3.489783524023878,
          0.3644776315041647,
          3.458881008179484,
          -0.15264096413807252,
          3.6209038536326794,
          0.06587590046920777,
          -0.6581840477586568,
          1.33071564023721,
          6.366677550018949,
          0.5689691040384841,
          0.5791064348199085,
          -3.7657226173256153,
          -1.8468087200879784,
          0.16520655492594338,
          0.5882324126465804,
          1.3804691151087887,
          1.6825553300820253,
          -0.003939396617696785,
          -2.887687254508943,
          0.2345586806757119,
          5.494882400487976,
          -3.644347962424971,
          1.1317240374832815,
          -4.503447456600161,
          -2.9140327218627022
        ],
        [
          2.48733157256761,
          1.178673428616593,
          0.8362260335608713,
          0.9175788951098223,
          2.239337811994152,
          -2.074988886061803,
          1.0229527199195145,
          -3.1822499231554007,
          0.7227832929630189,
          0.8098164685511643,
          0.5461538333598372,
          3.181605756203117,
          0.5027814983432481,
          0.810108995354986,
          1.2070034762113768,
          -3.7299002272275876,
          5.970467053952862,
          0.3940387077672819,
          1.0841187364300016,
          0.03175213120710765,
          -5.267093454772173,
          -2.64169480064017,
          -0.8002734098598435,
          0.6568591053933652,
          1.3024390024402297
        ],
        [
          -0.5885993867256241,
          -2.605765266654751,
          -1.8601251711049316,
          -1.1032678169603614,
          -0.918829240362096,
          1.997903978283124,
          0.35234504667916594,
          -2.8326922209359227,
          -0.5507174241638463,
          -2.7620853541941304,
          -2.181360704034473,
          -1.1143431740111323,
          -0.355749843783579,
          2.159822045551707,
          -1.7995322124320057,
          2.786583564727467,
          2.195112856017236,
          1.5049858243306458,
          1.0568613047767874,
          1.509926684225571,
          -1.3525139011772505,
          -3.0214435926931995,
          -1.4940115033758425,
          -1.971858492006094,
          -1.2130326572792245
        ],
        [
          -1.0654340900697152,
          -0.30299664559941325,
          -0.9629120537935242,
          -1.260557553731226,
          -1.2341331244477824,
          -0.8235290621641544,
          -1.0389011478185368,
          -0.4681050368448345,
          -1.0806042253938057,
          -0.3895360516983312,
          -0.5461503766129754,
          -1.7291058705562312,
          -0.47566422015894894,
          -0.6801891770735824,
          -1.011317240037564,
          -0.8169231184349941,
          -0.539322040140511,
          -0.1988516602650039,
          -1.045875231046768,
          -0.23806780620343584,
          -1.2480098899116305,
          -2.361421951151174,
          -0.8725620485537257,
          -1.409166040357156,
          -0.7761836870466509
        ],
        [
          -0.7105298603261213,
          -0.3742432694755229,
          -1.0077623092824244,
          -1.447504484015546,
          -0.8686726887554923,
          -0.6019235376018386,
          -0.6583883809341519,
          -0.5255457914932053,
          -0.48758253025885256,
          -0.2896477039112245,
          -0.784020861313619,
          -1.8649872317095684,
          -0.5292326190091856,
          -0.5967642205928712,
          -0.5694538780539071,
          -1.3173944159833302,
          -1.3905138332543676,
          -0.9040740467953661,
          -1.1431122008701182,
          0.052265902202658684,
          -0.6640752181988597,
          -2.5302741077171618,
          -0.8369635387247474,
          -1.8198207435516427,
          -0.9808062758942668
        ],
        [
          -0.996812567611562,
          -0.5103039090089186,
          -1.3368055489204136,
          -0.9324522845296014,
          -0.6553502160003365,
          -0.8128500687644804,
          -1.5641538912821238,
          -1.0849285721361184,
          -1.1648744250326513,
          -0.9748831199779718,
          -0.8816795323323829,
          -1.771539431341037,
          -0.769459770879443,
          -0.8259282593991359,
          -1.0024916751616224,
          -0.6738604434642885,
          -1.507083693731384,
          -1.1438420552841027,
          -0.8444618282634905,
          -0.5621826280424707,
          -1.2136466751913522,
          -2.394929514473681,
          -0.5449438481341651,
          -1.876467829606642,
          -1.008266565716461
        ],
        [
          -0.5056985612866083,
          -1.0764105801256265,
          -1.4220930014257072,
          -1.1349380568309317,
          -0.5931098191494449,
          -1.0081659830256526,
          -1.3522714614736264,
          -0.5361688599795688,
          -1.2370573144807055,
          -0.8717824449311339,
          -0.593881761025066,
          -1.6187173516671547,
          -0.7536999431946033,
          -1.2485513186348507,
          -0.7848098324954262,
          -0.9018965548483975,
          -0.9877405226552306,
          -0.5772544152733144,
          -1.6135941390583162,
          -0.48864744568707846,
          -1.4068637077310786,
          -2.7067228879153458,
          -0.6117297113897442,
          -1.3297837961375676,
          -0.990867738046987
        ],
        [
          -0.7126390960178755,
          -0.9582107612571484,
          -1.4456565550957208,
          -0.9928302638421839,
          -1.2998245226210947,
          -0.7756112994578329,
          -1.1109729646666282,
          -0.4240287807754281,
          -1.0639067603115118,
          -0.5317216123233742,
          -0.8984639885912102,
          -1.8006166118531586,
          -1.3107914199262447,
          -0.8210761289969757,
          -0.7622543513892889,
          -0.5699518859701722,
          -1.3271687732313682,
          -1.317652520410001,
          -1.6033080358450176,
          -0.3113358176623879,
          -0.5699500975415653,
          -2.7497811773418808,
          -0.5251325657715176,
          -1.4862936742446922,
          -1.2479031144260992
        ]
      ],
      "nablaW": [
        [
          0.0,
          0.0,
          0.0,
          0.0,
          0.0,
          0.0,
          0.0,
          0.0,
          0.0,
          0.0,
          0.0,
          0.0,
          0.0,
          0.0,
          0.0,
          0.0,
          0.0,
          0.0,
          0.0,
          0.0,
          0.0,
          0.0,
          0.0,
          0.0,
          0.0
        ],
        [
          0.0,
          0.0,
          0.0,
          0.0,
          0.0,
          0.0,
          0.0,
          0.0,
          0.0,
          0.0,
          0.0,
          0.0,
          0.0,
          0.0,
          0.0,
          0.0,
          0.0,
          0.0,
          0.0,
          0.0,
          0.0,
          0.0,
          0.0,
          0.0,
          0.0
        ],
        [
          0.0,
          0.0,
          0.0,
          0.0,
          0.0,
          0.0,
          0.0,
          0.0,
          0.0,
          0.0,
          0.0,
          0.0,
          0.0,
          0.0,
          0.0,
          0.0,
          0.0,
          0.0,
          0.0,
          0.0,
          0.0,
          0.0,
          0.0,
          0.0,
          0.0
        ],
        [
          0.0,
          0.0,
          0.0,
          0.0,
          0.0,
          0.0,
          0.0,
          0.0,
          0.0,
          0.0,
          0.0,
          0.0,
          0.0,
          0.0,
          0.0,
          0.0,
          0.0,
          0.0,
          0.0,
          0.0,
          0.0,
          0.0,
          0.0,
          0.0,
          0.0
        ],
        [
          0.0,
          0.0,
          0.0,
          0.0,
          0.0,
          0.0,
          0.0,
          0.0,
          0.0,
          0.0,
          0.0,
          0.0,
          0.0,
          0.0,
          0.0,
          0.0,
          0.0,
          0.0,
          0.0,
          0.0,
          0.0,
          0.0,
          0.0,
          0.0,
          0.0
        ],
        [
          0.0,
          0.0,
          0.0,
          0.0,
          0.0,
          0.0,
          0.0,
          0.0,
          0.0,
          0.0,
          0.0,
          0.0,
          0.0,
          0.0,
          0.0,
          0.0,
          0.0,
          0.0,
          0.0,
          0.0,
          0.0,
          0.0,
          0.0,
          0.0,
          0.0
        ],
        [
          0.0,
          0.0,
          0.0,
          0.0,
          0.0,
          0.0,
          0.0,
          0.0,
          0.0,
          0.0,
          0.0,
          0.0,
          0.0,
          0.0,
          0.0,
          0.0,
          0.0,
          0.0,
          0.0,
          0.0,
          0.0,
          0.0,
          0.0,
          0.0,
          0.0
        ],
        [
          0.0,
          0.0,
          0.0,
          0.0,
          0.0,
          0.0,
          0.0,
          0.0,
          0.0,
          0.0,
          0.0,
          0.0,
          0.0,
          0.0,
          0.0,
          0.0,
          0.0,
          0.0,
          0.0,
          0.0,
          0.0,
          0.0,
          0.0,
          0.0,
          0.0
        ],
        [
          0.0,
          0.0,
          0.0,
          0.0,
          0.0,
          0.0,
          0.0,
          0.0,
          0.0,
          0.0,
          0.0,
          0.0,
          0.0,
          0.0,
          0.0,
          0.0,
          0.0,
          0.0,
          0.0,
          0.0,
          0.0,
          0.0,
          0.0,
          0.0,
          0.0
        ],
        [
          0.0,
          0.0,
          0.0,
          0.0,
          0.0,
          0.0,
          0.0,
          0.0,
          0.0,
          0.0,
          0.0,
          0.0,
          0.0,
          0.0,
          0.0,
          0.0,
          0.0,
          0.0,
          0.0,
          0.0,
          0.0,
          0.0,
          0.0,
          0.0,
          0.0
        ]
      ],
      "b": [
        1.6408796624746202,
        -1.6591550166634155,
        -3.7736585877728346,
        -5.213256818396216,
        -6.009791596461438,
        -5.675043584259809,
        -6.668445707758303,
        -7.02826516969462,
        -6.9691700180911695,
        -6.956704702592483
      ],
      "nablaB": [
        0.0,
        0.0,
        0.0,
        0.0,
        0.0,
        0.0,
        0.0,
        0.0,
        0.0,
        0.0
      ]
    }
  ]
}