Posterior: 0.585208
{
  "topologia": [
    30,
    25,
    20,
    10
  ],
  "learningRate": 0.1,
  "cantEntrenamientos": 1000,
  "capas": [
    {
      "w": [
        [
          -5.453115539093034,
          -3.8257843915261462,
          -3.7271371602257233,
          -11.262148621766174,
          -0.5052882689148197,
          -1.8685027469450926,
          -0.8468493667552286,
          -10.547634179607522,
          10.706049757513961,
          7.4214768233486845,
          -0.4877456850959096,
          -0.04749505310370569,
          0.3287495453388587,
          0.7817110811542715,
          -10.279764421121557,
          -4.112753795759572,
          10.073645132293048,
          -8.216942718858915,
          -8.028767371157105,
          -5.374510853757027,
          4.702973966916233,
          2.2555083435471133,
          -4.864515383718386,
          1.192490732626005,
          0.4723226797293669,
          -3.123622623648682,
          12.081670416263448,
          3.4638558798741377,
          -0.4025353416032549,
          -20.652269762365535
        ],
        [
          -3.1848952822319587,
          -3.4838019680726564,
          -12.22688742311095,
          -7.933043987594023,
          4.114564856941863,
          -6.747249815345214,
          -9.891825907945353,
          3.7807849015507315,
          -7.772951003833901,
          -0.5545596774456338,
          -12.69561439536964,
          3.9990935712997056,
          4.541463873680846,
          1.7332651891365987,
          4.427059348326564,
          -6.159412091755494,
          -10.20867334370898,
          -4.261875505557497,
          3.397366528603756,
          -3.0261607139989706,
          -2.422558716406053,
          -3.676328583791321,
          5.477576657451761,
          -0.4213807030600473,
          -1.4849201095718787,
          4.605010086702029,
          -6.14692420270987,
          -1.4381761552032428,
          7.735518206188025,
          4.371829257184889
        ],
        [
          -11.577846748120953,
          2.924409004250399,
          -0.8869945054103121,
          14.221936410457214,
          6.827433981941466,
          -4.176085639808336,
          -1.4585774039739374,
          -7.0170463098953615,
          -1.3154550559248321,
          -0.8051996714209193,
          -0.549808336924571,
          3.4341946310257114,
          -7.816535240540771,
          5.902547479407306,
          -5.157449900920491,
          6.38082389116032,
          -4.652949379933847,
          3.799841177450732,
          -3.147496504570601,
          3.0719728109652675,
          -0.9776230457891725,
          8.113782868403746,
          -2.725322436708933,
          0.5718947185030521,
          -6.9561928336375685,
          3.3893827804547687,
          14.071010189334968,
          1.3810519737163023,
          12.899225077286204,
          -5.755690459118726
        ],
        [
          1.74588480745126,
          -1.4867260776208462,
          -4.0462747644290715,
          3.939715632779563,
          -4.966578603991604,
          2.4195379856166035,
          2.598542689994058,
          -1.2096476035727808,
          -1.4569507481952302,
          9.29894877025626,
          -1.4569933804659498,
          2.5085545257293185,
          2.3232181404623033,
          2.3533538299507684,
          -0.7611820118515294,
          8.76675549893559,
          -6.326521058039831,
          -2.7736099614729643,
          1.2435934860112077,
          1.7222733938822932,
          -3.458931687022111,
          11.557663769173852,
          -2.423584315854589,
          -4.802527093285527,
          1.7052195621493693,
          -4.076815468887768,
          -2.0699763386320655,
          12.334511536404154,
          -2.8043235453902873,
          -0.36392014689675656
        ],
        [
          -7.195030085662173,
          -0.03949134047322118,
          -4.629733085434763,
          0.18702420729919914,
          7.295234829725162,
          -0.04874169615955249,
          -6.126686767314121,
          -4.155882991503346,
          2.096865869924288,
          -5.135414257224027,
          -1.0099596546346619,
          2.342756401489717,
          -9.73838691871303,
          -3.9798165504571124,
          0.5034397285912332,
          2.0512257617539635,
          13.435372137204174,
          -8.64848888117271,
          -3.817249233215789,
          -5.474605861531339,
          -2.439362210880452,
          -3.8382543076261104,
          -2.1470765054040486,
          4.299294627115634,
          -8.695341166277132,
          -3.3095880969564964,
          -8.791652995447942,
          -4.673647142743418,
          -6.867781625651017,
          4.589461811226269
        ],
        [
          -0.5868667501330751,
          2.8877052115173276,
          -1.9814386221723834,
          -1.7934623265884981,
          0.23541087336404987,
          -1.5599642456986809,
          0.9865611645794239,
          -1.0712260144983872,
          -16.14575086585795,
          -16.670514896369465,
          9.70333323609344,
          3.435361863422152,
          -0.8733591198941559,
          -2.3864019667257463,
          0.9797240933615173,
          2.479172365330105,
          -11.660178171062112,
          -3.503099694900581,
          -0.5739416019976242,
          3.845083031347034,
          -0.5575623423188188,
          -0.09189482371024597,
          -3.757473878376915,
          -3.4427314887732425,
          -2.6969481707181617,
          -4.741049484865383,
          -3.3884565343111555,
          -3.38920994785093,
          -9.067627225773135,
          -6.356798628904199
        ],
        [
          -1.997758844137038,
          -5.127450811593588,
          0.2056204260815313,
          5.880753672292017,
          -3.2520058203852225,
          4.039016223141057,
          2.6845331047831618,
          -3.9472883614120993,
          6.534232130682014,
          5.285793468904109,
          7.93701709951023,
          1.0157701748016352,
          -1.9920470234230971,
          -11.540250250718165,
          13.942570057502474,
          9.266500794989396,
          -2.1928934121623254,
          4.54851399387884,
          -0.6100827143677916,
          -6.856405399903163,
          -3.2295805296054167,
          -0.7951997514362542,
          6.593462026667908,
          -2.314568137038098,
          -3.0667456650235816,
          -4.6194432469467985,
          8.73062426521971,
          3.3627831408526117,
          3.175115924895603,
          0.6076860224962182
        ],
        [
          -0.7338687846010592,
          -4.2383855907052395,
          -6.64098352277946,
          4.585419900015792,
          13.064648745517108,
          -3.8422268488835947,
          1.5907631561908326,
          -0.22276289041473302,
          -4.335771441150292,
          1.6857624684010701,
          1.4292776859496823,
          7.54632134690979,
          -4.9178114719381885,
          -1.9375767450054517,
          -4.327450403106866,
          -2.471628635247058,
          8.668002300932747,
          4.800526348210311,
          -5.282821465020462,
          -5.1367050810252515,
          -6.502889343641909,
          -1.8981635530629315,
          7.601813927139363,
          4.291021609610088,
          -1.5281483467332002,
          -0.848112010723292,
          -5.8139997566616035,
          1.3406366771382676,
          4.7638904595388265,
          2.3234951614910937
        ],
        [
          1.6337049872809315,
          -4.130273473602439,
          3.2139586349078875,
          -13.981753464396135,
          -4.021583968269343,
          2.8482167985933002,
          2.7148604794553357,
          -0.24182752455919584,
          -1.430531487059882,
          -14.422771817740289,
          2.8988597298980845,
          3.209902004584103,
          1.5856740245003613,
          2.001351591940565,
          -0.3433144304176216,
          -9.236922049320125,
          -2.172503060095022,
          -1.1940412521004877,
          1.2494935599467796,
          3.233353183441822,
          -0.534581340451573,
          -11.945480236927146,
          0.3910127900757567,
          -4.181923424185829,
          1.1624339408589555,
          -4.009453335988397,
          2.4677503119231576,
          -9.657120637793957,
          0.02146216990437903,
          -0.8437056662844412
        ],
        [
          -1.756547825877021,
          6.047728244891039,
          6.9530579761716815,
          5.787495356556403,
          10.332590376613737,
          12.09626079447409,
          -4.178980948883285,
          5.261646358944628,
          -0.1681148932802485,
          0.45560325484646297,
          -2.3696888927453132,
          -3.2252131485788986,
          -7.088759239369336,
          8.58492952361238,
          -0.739346694488441,
          7.754231831518372,
          -14.185957383857989,
          -15.940637066046033,
          1.4458320327489302,
          4.0303425335935765,
          2.1772827036312465,
          -2.5391793410304717,
          7.025630366131554,
          12.48571893580459,
          -0.7464142879791978,
          3.17120350086581,
          -6.393919882251731,
          -6.180177185260224,
          1.8105816897627633,
          3.7484468562526243
        ],
        [
          -1.4730228009937483,
          -1.8211742301222755,
          -3.728484971324895,
          -1.80803133345163,
          -4.950635238840876,
          -5.076134784865201,
          4.0427328536416836,
          -0.6566528863727031,
          -0.5557330683434287,
          0.9570704139648628,
          -6.434686342476069,
          -3.528428566525334,
          -0.07503956312240061,
          -2.0643019905879103,
          -0.8455988557662304,
          -0.7884921212547481,
          -0.7887209718350752,
          -4.1834110970778005,
          0.23913892211641694,
          0.8064558729695362,
          -2.652114587887787,
          -1.3674558497275684,
          -3.4561468529467945,
          -3.7799062893592783,
          0.7405350903896389,
          0.3028999252246279,
          -13.717190185750466,
          -19.000358770023183,
          7.175976302810222,
          8.10487737558937
        ],
        [
          -2.634224880074419,
          1.22945626160311,
          -1.2322958178039276,
          3.2776920665439824,
          -4.46925630890291,
          1.692506469740246,
          -2.0349926985334035,
          1.9308172368655836,
          -0.5844639099359917,
          0.7166258906514031,
          -5.2822398631633645,
          -3.206232497611446,
          -3.148003336618958,
          0.8715558927928411,
          -12.69292711616508,
          -15.820941601366941,
          8.385202637698189,
          4.46314182400191,
          -0.5664820870162888,
          0.29661842520488685,
          -6.0760487423166385,
          -5.498514589732195,
          -2.7764191420612914,
          -0.10295197983169695,
          -2.137244204967148,
          -3.382379376975771,
          -3.2576351274157718,
          -3.074768676560724,
          -5.441175059568703,
          -0.15013141216065645
        ],
        [
          1.0913732216829943,
          -0.08077211201707993,
          0.9284299449477119,
          1.0290990464187408,
          0.3434164816486479,
          -7.291375748887171,
          0.8596900272210621,
          -0.04076279631068662,
          -0.819482806489204,
          -2.0323670419564692,
          -0.5421058951399829,
          -8.70591784880473,
          -0.2792886953578682,
          0.15705459119344123,
          -1.1452840440016945,
          -0.35430719642181485,
          -0.9172609648354567,
          -5.638769037279654,
          -1.3895704264943478,
          0.6280365868211378,
          -0.24003223460416528,
          1.8510668174266616,
          -1.0435823243524993,
          -4.375232619894248,
          -0.758336668108594,
          1.736148155063018,
          -0.5816533147287192,
          1.2573950258098194,
          1.1625576194989677,
          -5.982269213143207
        ],
        [
          -2.7134972564092434,
          -0.8703548944619426,
          -13.827742904685888,
          1.9782221517305465,
          -0.5968797333266357,
          0.5463973887428437,
          1.855667119805752,
          -1.0002233069116369,
          -6.217368175493897,
          5.286794543765423,
          2.8514624233693797,
          -3.710632522340221,
          1.9017206032065466,
          -6.005018733580278,
          -11.971217516749538,
          0.4022783721439764,
          4.295134647179778,
          -1.184450083428374,
          2.740085645094061,
          0.7773232532930162,
          -9.024497243109867,
          7.174209092786043,
          -1.436070927743046,
          0.3993227466161266,
          0.656820599061668,
          -2.8871091863934804,
          -12.930080952847337,
          4.236469993589993,
          2.453973851995009,
          -2.987689649199781
        ],
        [
          -0.31735506979650413,
          0.06818957897264027,
          0.21594365053319522,
          -1.0632410588532353,
          0.634798307238441,
          -4.534564196543309,
          0.032873029741187554,
          1.4767740895786736,
          1.1215512516575634,
          -1.181290249012389,
          1.675849081077434,
          -5.061065501473625,
          0.039342870358013086,
          -1.6347691215064968,
          0.9381425604675915,
          0.941104478946825,
          0.3645279067298927,
          -7.05603016786876,
          0.10079011877963451,
          1.1512099363960933,
          0.7959136677480902,
          -1.6760403916876419,
          0.892649840022975,
          -8.156358717978476,
          0.5280850564197035,
          2.544938640075355,
          1.4129027391165303,
          -1.0793289786526217,
          0.4758817630567588,
          -7.165314210679443
        ],
        [
          -0.09384560958446579,
          -0.20445088682450369,
          0.17176096384953882,
          -0.021479947428676847,
          7.922137569556041,
          0.21920507648044896,
          0.3771246488989748,
          -0.21918175313918917,
          -0.16577333544980535,
          -0.2116878007553018,
          8.234004719340582,
          -0.3329954883685536,
          -0.09300635989973426,
          -0.1619975088280358,
          -0.4865979550287098,
          -0.3785491963128823,
          6.755543714002049,
          0.1015529281154793,
          -0.6365274836539798,
          0.4147932187918117,
          -0.36628130958389743,
          0.05921423178613537,
          7.820378527292186,
          0.7028694851867966,
          0.2370661115590465,
          -0.22689627263819342,
          0.8699985880726924,
          0.563805546759403,
          7.61584750097827,
          -1.4853004786795723
        ],
        [
          0.19204300607205915,
          1.6981109871972584,
          -9.996762280499661,
          -3.9235201236514223,
          7.2688529584982575,
          7.39922992329357,
          0.6293719373097421,
          -0.06567488739119172,
          0.5167381234728279,
          10.172892339617496,
          -2.9751775291107148,
          0.19009592443158146,
          2.0442088560501475,
          -3.4014261380712476,
          -4.204120574916681,
          -1.1335284638886405,
          7.709836735765601,
          5.143012356072701,
          2.769418700529645,
          1.3971661601395107,
          15.131357946604647,
          11.79427123187643,
          -9.439997081890894,
          -5.575680191676294,
          -1.1020974489698594,
          0.9257517167789454,
          -1.2970508870562756,
          3.5536511368237256,
          1.0658821190456371,
          -2.1582912953676643
        ],
        [
          4.569065181690068,
          -2.009593264260271,
          4.924041410651276,
          -3.4607605052166037,
          -10.485837681207208,
          7.2070012420869265,
          -2.6038080337815708,
          1.3527659847442197,
          9.953008915606675,
          -1.0223532665937183,
          -4.999486098726977,
          10.62473550494804,
          0.9877681552313718,
          5.149691013635342,
          -6.22852724565688,
          7.5273542343016056,
          12.681179778181557,
          -10.798798022949569,
          1.0520249886089672,
          0.37727278849941803,
          -2.844113196962872,
          3.055516587996064,
          3.5065413954048874,
          -3.5133727692662253,
          3.0686524100911168,
          -1.9572675220725535,
          -2.103927430100851,
          10.750945733962382,
          8.229130173206137,
          -4.75887022011664
        ],
        [
          0.8890300705810972,
          -1.2390856484092387,
          -2.810043887405251,
          -1.8902134315334804,
          -3.8531842937726584,
          1.975849938418342,
          1.2080414098706915,
          1.415383345388564,
          -6.959255111734277,
          5.1560223850216715,
          5.930376121705761,
          7.1093004526349635,
          3.5556522255562264,
          4.283910198398303,
          -6.6348736103001755,
          7.769626453446654,
          9.038348822936506,
          1.2519243963943962,
          1.125469515542905,
          -1.1687172659356242,
          -7.443022019578426,
          -2.8556357076459746,
          -1.5602948930460192,
          -1.4665913926437881,
          2.9685858661872957,
          -0.1128183086820328,
          -5.048865107342754,
          -9.760606799873608,
          -10.573812331814716,
          -2.7441376711164724
        ],
        [
          -1.5638176711056742,
          0.3975198713435967,
          -16.271603755611004,
          -13.720564852572233,
          1.7208982248460405,
          9.441104180484063,
          2.670702351157138,
          -0.707095620204454,
          -9.26152596105654,
          -7.8197666256381355,
          -2.8663320857387986,
          2.6695489833342867,
          2.7560863563884093,
          -1.3123583691102065,
          1.9871014897156476,
          0.7844458846680599,
          -0.9063834190895529,
          -6.36917737489739,
          3.150076126581418,
          -2.9913929083020165,
          -6.567237057657493,
          -7.378975201947103,
          -0.8374929232349293,
          -5.8986693267838755,
          -0.3453061260761975,
          2.825910708613674,
          0.5398939644606988,
          -0.8937716744389196,
          -0.8078676871865037,
          -5.596988040362145
        ],
        [
          -1.6939093611073899,
          -0.8928136697461511,
          -2.312858087635386,
          -1.2577724577914957,
          4.9153860248641035,
          -5.3284616572138335,
          0.2438418739851952,
          0.40573190171339957,
          -1.021233905743841,
          -1.3636136521839632,
          0.3065716250693084,
          -5.028545970823437,
          -2.898509451292555,
          0.463497412761711,
          -14.85008827300887,
          -5.401611026828993,
          -8.75558656613775,
          5.756154293792127,
          -2.8669874401438435,
          2.136891818771796,
          -4.715205784371433,
          -3.106244458456453,
          2.2707262239820842,
          -4.3508830660521145,
          0.8949322949148797,
          0.9610226338826717,
          2.5403945471146434,
          -4.758069941573096,
          10.463471679420453,
          -11.046874649510928
        ],
        [
          -2.795406183216591,
          9.443516085258416,
          -4.861876601923229,
          2.0330312646462447,
          -3.5868597806549207,
          -5.51956494646112,
          -1.528019251211978,
          7.041837888313294,
          2.7225044490130332,
          1.5785065239869134,
          2.7722674506934974,
          0.5945162747576026,
          -0.8911496812689492,
          4.7264753604395064,
          3.440343288377908,
          2.852429564888839,
          3.0306708475199113,
          -3.8543927242184592,
          -2.6945721113677945,
          9.611901787090838,
          0.6825808408287903,
          -1.6616685361647925,
          1.1524316155667982,
          2.4697313095344064,
          0.5979508760790341,
          15.138454845875845,
          1.6615420532291243,
          -0.8636337636200497,
          1.4051730201219899,
          6.6032322150885125
        ],
        [
          -2.8701424475548927,
          -1.0613105998455985,
          0.8513077443580548,
          -0.16169406484727644,
          -12.428032428169114,
          10.235884736118464,
          -3.406056262425965,
          1.0216741555581454,
          -1.9129124443303576,
          -8.216108322186994,
          -10.447144847122207,
          -0.4304251238623921,
          -4.658226746561568,
          0.9226222903509851,
          -4.006544651644538,
          -7.24956672151363,
          0.307886102803905,
          -4.754196069416815,
          -1.3678352492187136,
          -2.728640647458127,
          1.9224829395654273,
          -3.087923244042148,
          -11.769227869283805,
          10.63306507161428,
          -2.449368470336589,
          1.6896970843693768,
          -3.9371508036163405,
          1.8940543476289209,
          17.53534504444494,
          -8.324155581100419
        ],
        [
          -3.67566567319608,
          4.328061174578695,
          -7.312967273611925,
          2.4257014271780424,
          5.045490070444006,
          -6.684944785083484,
          -5.116112602775895,
          -3.064099249005482,
          -8.777122200736992,
          -0.6311038446053567,
          11.244047717797331,
          -8.617363166537618,
          -1.480061880194193,
          7.527766326422372,
          -4.661107794679173,
          -0.4397047918622335,
          7.895701238580193,
          -13.14817369329164,
          2.35548993228928,
          -3.649791386434309,
          -7.608724748776271,
          -1.2548265011593194,
          8.955076550680205,
          -9.671539252992066,
          3.326573115678211,
          -5.285290098494211,
          -10.053690342345131,
          1.1493317771829206,
          10.021694582972174,
          -2.810569251369772
        ],
        [
          -6.371083096153987,
          -0.3526890116666913,
          4.8633949037377375,
          0.48413714731207685,
          4.525496388762184,
          -4.723738041651446,
          -1.7743959422024782,
          1.4474176772090035,
          -0.754940438860343,
          8.708511284890454,
          1.1622556941583748,
          3.789696466578306,
          1.927534330476635,
          2.4851906120881044,
          6.736743059323903,
          1.8391686711078652,
          -2.686772976371971,
          1.4359684760638638,
          -0.9163299465672106,
          -0.6425354420164846,
          12.585351420417727,
          2.4421741634064995,
          -1.4209955551450528,
          -0.035142664125028485,
          -3.2616191296351853,
          -0.8410926134966261,
          9.34899808472163,
          -8.807126027653826,
          2.5521932811728036,
          -4.742218778264017
        ]
      ],
      "nablaW": [
        [
          0.0,
          0.0,
          0.0,
          0.0,
          0.0,
          0.0,
          0.0,
          0.0,
          0.0,
          0.0,
          0.0,
          0.0,
          0.0,
          0.0,
          0.0,
          0.0,
          0.0,
          0.0,
          0.0,
          0.0,
          0.0,
          0.0,
          0.0,
          0.0,
          0.0,
          0.0,
          0.0,
          0.0,
          0.0,
          0.0
        ],
        [
          0.0,
          0.0,
          0.0,
          0.0,
          0.0,
          0.0,
          0.0,
          0.0,
          0.0,
          0.0,
          0.0,
          0.0,
          0.0,
          0.0,
          0.0,
          0.0,
          0.0,
          0.0,
          0.0,
          0.0,
          0.0,
          0.0,
          0.0,
          0.0,
          0.0,
          0.0,
          0.0,
          0.0,
          0.0,
          0.0
        ],
        [
          0.0,
          0.0,
          0.0,
          0.0,
          0.0,
          0.0,
          0.0,
          0.0,
          0.0,
          0.0,
          0.0,
          0.0,
          0.0,
          0.0,
          0.0,
          0.0,
          0.0,
          0.0,
          0.0,
          0.0,
          0.0,
          0.0,
          0.0,
          0.0,
          0.0,
          0.0,
          0.0,
          0.0,
          0.0,
          0.0
        ],
        [
          0.0,
          0.0,
          0.0,
          0.0,
          0.0,
          0.0,
          0.0,
          0.0,
          0.0,
          0.0,
          0.0,
          0.0,
          0.0,
          0.0,
          0.0,
          0.0,
          0.0,
          0.0,
          0.0,
          0.0,
          0.0,
          0.0,
          0.0,
          0.0,
          0.0,
          0.0,
          0.0,
          0.0,
          0.0,
          0.0
        ],
        [
          0.0,
          0.0,
          0.0,
          0.0,
          0.0,
          0.0,
          0.0,
          0.0,
          0.0,
          0.0,
          0.0,
          0.0,
          0.0,
          0.0,
          0.0,
          0.0,
          0.0,
          0.0,
          0.0,
          0.0,
          0.0,
          0.0,
          0.0,
          0.0,
          0.0,
          0.0,
          0.0,
          0.0,
          0.0,
          0.0
        ],
        [
          0.0,
          0.0,
          0.0,
          0.0,
          0.0,
          0.0,
          0.0,
          0.0,
          0.0,
          0.0,
          0.0,
          0.0,
          0.0,
          0.0,
          0.0,
          0.0,
          0.0,
          0.0,
          0.0,
          0.0,
          0.0,
          0.0,
          0.0,
          0.0,
          0.0,
          0.0,
          0.0,
          0.0,
          0.0,
          0.0
        ],
        [
          0.0,
          0.0,
          0.0,
          0.0,
          0.0,
          0.0,
          0.0,
          0.0,
          0.0,
          0.0,
          0.0,
          0.0,
          0.0,
          0.0,
          0.0,
          0.0,
          0.0,
          0.0,
          0.0,
          0.0,
          0.0,
          0.0,
          0.0,
          0.0,
          0.0,
          0.0,
          0.0,
          0.0,
          0.0,
          0.0
        ],
        [
          0.0,
          0.0,
          0.0,
          0.0,
          0.0,
          0.0,
          0.0,
          0.0,
          0.0,
          0.0,
          0.0,
          0.0,
          0.0,
          0.0,
          0.0,
          0.0,
          0.0,
          0.0,
          0.0,
          0.0,
          0.0,
          0.0,
          0.0,
          0.0,
          0.0,
          0.0,
          0.0,
          0.0,
          0.0,
          0.0
        ],
        [
          0.0,
          0.0,
          0.0,
          0.0,
          0.0,
          0.0,
          0.0,
          0.0,
          0.0,
          0.0,
          0.0,
          0.0,
          0.0,
          0.0,
          0.0,
          0.0,
          0.0,
          0.0,
          0.0,
          0.0,
          0.0,
          0.0,
          0.0,
          0.0,
          0.0,
          0.0,
          0.0,
          0.0,
          0.0,
          0.0
        ],
        [
          0.0,
          0.0,
          0.0,
          0.0,
          0.0,
          0.0,
          0.0,
          0.0,
          0.0,
          0.0,
          0.0,
          0.0,
          0.0,
          0.0,
          0.0,
          0.0,
          0.0,
          0.0,
          0.0,
          0.0,
          0.0,
          0.0,
          0.0,
          0.0,
          0.0,
          0.0,
          0.0,
          0.0,
          0.0,
          0.0
        ],
        [
          0.0,
          0.0,
          0.0,
          0.0,
          0.0,
          0.0,
          0.0,
          0.0,
          0.0,
          0.0,
          0.0,
          0.0,
          0.0,
          0.0,
          0.0,
          0.0,
          0.0,
          0.0,
          0.0,
          0.0,
          0.0,
          0.0,
          0.0,
          0.0,
          0.0,
          0.0,
          0.0,
          0.0,
          0.0,
          0.0
        ],
        [
          0.0,
          0.0,
          0.0,
          0.0,
          0.0,
          0.0,
          0.0,
          0.0,
          0.0,
          0.0,
          0.0,
          0.0,
          0.0,
          0.0,
          0.0,
          0.0,
          0.0,
          0.0,
          0.0,
          0.0,
          0.0,
          0.0,
          0.0,
          0.0,
          0.0,
          0.0,
          0.0,
          0.0,
          0.0,
          0.0
        ],
        [
          0.0,
          0.0,
          0.0,
          0.0,
          0.0,
          0.0,
          0.0,
          0.0,
          0.0,
          0.0,
          0.0,
          0.0,
          0.0,
          0.0,
          0.0,
          0.0,
          0.0,
          0.0,
          0.0,
          0.0,
          0.0,
          0.0,
          0.0,
          0.0,
          0.0,
          0.0,
          0.0,
          0.0,
          0.0,
          0.0
        ],
        [
          0.0,
          0.0,
          0.0,
          0.0,
          0.0,
          0.0,
          0.0,
          0.0,
          0.0,
          0.0,
          0.0,
          0.0,
          0.0,
          0.0,
          0.0,
          0.0,
          0.0,
          0.0,
          0.0,
          0.0,
          0.0,
          0.0,
          0.0,
          0.0,
          0.0,
          0.0,
          0.0,
          0.0,
          0.0,
          0.0
        ],
        [
          0.0,
          0.0,
          0.0,
          0.0,
          0.0,
          0.0,
          0.0,
          0.0,
          0.0,
          0.0,
          0.0,
          0.0,
          0.0,
          0.0,
          0.0,
          0.0,
          0.0,
          0.0,
          0.0,
          0.0,
          0.0,
          0.0,
          0.0,
          0.0,
          0.0,
          0.0,
          0.0,
          0.0,
          0.0,
          0.0
        ],
        [
          0.0,
          0.0,
          0.0,
          0.0,
          0.0,
          0.0,
          0.0,
          0.0,
          0.0,
          0.0,
          0.0,
          0.0,
          0.0,
          0.0,
          0.0,
          0.0,
          0.0,
          0.0,
          0.0,
          0.0,
          0.0,
          0.0,
          0.0,
          0.0,
          0.0,
          0.0,
          0.0,
          0.0,
          0.0,
          0.0
        ],
        [
          0.0,
          0.0,
          0.0,
          0.0,
          0.0,
          0.0,
          0.0,
          0.0,
          0.0,
          0.0,
          0.0,
          0.0,
          0.0,
          0.0,
          0.0,
          0.0,
          0.0,
          0.0,
          0.0,
          0.0,
          0.0,
          0.0,
          0.0,
          0.0,
          0.0,
          0.0,
          0.0,
          0.0,
          0.0,
          0.0
        ],
        [
          0.0,
          0.0,
          0.0,
          0.0,
          0.0,
          0.0,
          0.0,
          0.0,
          0.0,
          0.0,
          0.0,
          0.0,
          0.0,
          0.0,
          0.0,
          0.0,
          0.0,
          0.0,
          0.0,
          0.0,
          0.0,
          0.0,
          0.0,
          0.0,
          0.0,
          0.0,
          0.0,
          0.0,
          0.0,
          0.0
        ],
        [
          0.0,
          0.0,
          0.0,
          0.0,
          0.0,
          0.0,
          0.0,
          0.0,
          0.0,
          0.0,
          0.0,
          0.0,
          0.0,
          0.0,
          0.0,
          0.0,
          0.0,
          0.0,
          0.0,
          0.0,
          0.0,
          0.0,
          0.0,
          0.0,
          0.0,
          0.0,
          0.0,
          0.0,
          0.0,
          0.0
        ],
        [
          0.0,
          0.0,
          0.0,
          0.0,
          0.0,
          0.0,
          0.0,
          0.0,
          0.0,
          0.0,
          0.0,
          0.0,
          0.0,
          0.0,
          0.0,
          0.0,
          0.0,
          0.0,
          0.0,
          0.0,
          0.0,
          0.0,
          0.0,
          0.0,
          0.0,
          0.0,
          0.0,
          0.0,
          0.0,
          0.0
        ],
        [
          0.0,
          0.0,
          0.0,
          0.0,
          0.0,
          0.0,
          0.0,
          0.0,
          0.0,
          0.0,
          0.0,
          0.0,
          0.0,
          0.0,
          0.0,
          0.0,
          0.0,
          0.0,
          0.0,
          0.0,
          0.0,
          0.0,
          0.0,
          0.0,
          0.0,
          0.0,
          0.0,
          0.0,
          0.0,
          0.0
        ],
        [
          0.0,
          0.0,
          0.0,
          0.0,
          0.0,
          0.0,
          0.0,
          0.0,
          0.0,
          0.0,
          0.0,
          0.0,
          0.0,
          0.0,
          0.0,
          0.0,
          0.0,
          0.0,
          0.0,
          0.0,
          0.0,
          0.0,
          0.0,
          0.0,
          0.0,
          0.0,
          0.0,
          0.0,
          0.0,
          0.0
        ],
        [
          0.0,
          0.0,
          0.0,
          0.0,
          0.0,
          0.0,
          0.0,
          0.0,
          0.0,
          0.0,
          0.0,
          0.0,
          0.0,
          0.0,
          0.0,
          0.0,
          0.0,
          0.0,
          0.0,
          0.0,
          0.0,
          0.0,
          0.0,
          0.0,
          0.0,
          0.0,
          0.0,
          0.0,
          0.0,
          0.0
        ],
        [
          0.0,
          0.0,
          0.0,
          0.0,
          0.0,
          0.0,
          0.0,
          0.0,
          0.0,
          0.0,
          0.0,
          0.0,
          0.0,
          0.0,
          0.0,
          0.0,
          0.0,
          0.0,
          0.0,
          0.0,
          0.0,
          0.0,
          0.0,
          0.0,
          0.0,
          0.0,
          0.0,
          0.0,
          0.0,
          0.0
        ],
        [
          0.0,
          0.0,
          0.0,
          0.0,
          0.0,
          0.0,
          0.0,
          0.0,
          0.0,
          0.0,
          0.0,
          0.0,
          0.0,
          0.0,
          0.0,
          0.0,
          0.0,
          0.0,
          0.0,
          0.0,
          0.0,
          0.0,
          0.0,
          0.0,
          0.0,
          0.0,
          0.0,
          0.0,
          0.0,
          0.0
        ]
      ],
      "b": [
        11.381370084509552,
        14.393813010113107,
        -10.34027544701564,
        4.231702646263621,
        11.287085559620477,
        24.573915765796283,
        -7.9843930834065935,
        -14.261856044448496,
        8.11321543148922,
        0.31656034504110475,
        19.544072933860694,
        18.557508847371356,
        4.785408478913946,
        1.5350700190597661,
        20.282810176824004,
        -8.74437048038216,
        -4.614842358722555,
        -5.9615489237804,
        3.8091997372532362,
        17.231540253752264,
        18.184112327750032,
        -3.5400433308585693,
        10.128275762577417,
        -9.04975589556868,
        -11.078077294304675
      ],
      "nablaB": [
        0.0,
        0.0,
        0.0,
        0.0,
        0.0,
        0.0,
        0.0,
        0.0,
        0.0,
        0.0,
        0.0,
        0.0,
        0.0,
        0.0,
        0.0,
        0.0,
        0.0,
        0.0,
        0.0,
        0.0,
        0.0,
        0.0,
        0.0,
        0.0,
        0.0
      ]
    },
    {
      "w": [
        [
          -7.824611022866999,
          -7.370491678328513,
          11.12587145545215,
          -13.223729462223671,
          -9.330979712310846,
          -13.352246404329716,
          5.190945209623009,
          4.244755352943156,
          7.201385114457441,
          5.1707752347965155,
          -16.603836790531016,
          -12.015290290656647,
          12.923218199978546,
          11.936298154294464,
          -8.119169524309823,
          -11.791268760963879,
          12.463159414373859,
          5.953758073160767,
          2.9772238051395847,
          -6.037747733861572,
          -10.335284209143314,
          5.565170012217287,
          -7.3210650766308145,
          9.561903870890202,
          -0.5144221466381007
        ],
        [
          -8.585887901982368,
          -0.5015051203685782,
          -7.092774228744198,
          -2.1524948776130866,
          -4.916591905509278,
          3.8310500271341708,
          11.329437148551298,
          -3.3223466770539645,
          -12.491830887866383,
          3.5528065001533315,
          -6.834007130174472,
          10.430680059731689,
          -1.2081739737362056,
          -6.134811382271246,
          -1.9525400681596374,
          2.744952400635829,
          2.6784775977483286,
          0.3983020690253223,
          -12.039058050787519,
          9.119567271348668,
          -1.8629541266261347,
          -12.779421379332888,
          3.8817916051201884,
          -0.30568099535290455,
          8.710280260146899
        ],
        [
          -4.683597241414261,
          -6.109189383080232,
          -2.887651657461516,
          3.5265273528252177,
          5.703633681658904,
          0.3124314942292333,
          -5.1066953879891726,
          3.4122020263778636,
          -4.361957989368142,
          3.6088627804219873,
          2.914169009301447,
          0.932110693716224,
          5.876752592720042,
          -0.395266953499722,
          1.2166725595380143,
          -4.21689408461027,
          -0.0386305710100024,
          -1.8248165488205694,
          0.21370299358472505,
          -6.304443955662359,
          14.197507606501098,
          -1.9966359850599253,
          -4.584429997132141,
          -0.13599453453222063,
          -4.803286875566135
        ],
        [
          -5.177224395185122,
          -6.8704143017871235,
          1.6661487822060415,
          -10.381133374900404,
          0.10760697090221046,
          -2.662283734254396,
          -4.279821532484971,
          0.837978470124962,
          -6.484522889004106,
          -1.3564984946059189,
          4.229557121525756,
          -4.682531283775885,
          -2.725337680231636,
          3.2129742850235488,
          8.624040233912817,
          2.161185448798057,
          -1.6981928957210766,
          3.4427116252601375,
          5.959822315838405,
          4.873698426005917,
          0.8200554408184528,
          -12.549346038698713,
          8.82207691122087,
          -3.5805517739358548,
          -0.47185795704123046
        ],
        [
          -2.8000610293084334,
          -5.929703477970819,
          -9.973418163009459,
          7.802676176713822,
          -2.451521434591299,
          -6.412314944499376,
          0.18370569245159063,
          -1.2130559123394593,
          -5.051198727619965,
          -10.728595620394678,
          2.7517780299549077,
          -0.45723486746053865,
          -0.21955906318766819,
          0.7609657734654321,
          -1.0723698263377621,
          -1.8388691034457605,
          -0.09118546598462096,
          0.5605777873892366,
          -4.141628583884261,
          -0.6214213124815353,
          -3.3859039694918547,
          -7.07871995014849,
          1.7877659866240032,
          -0.6166710981293125,
          -1.905785292335284
        ],
        [
          -1.601241950573915,
          -7.014566264813825,
          0.7576384152167107,
          -2.4001112697937637,
          1.777296722574529,
          -4.173201551941721,
          0.19902795434723508,
          -7.832194068387916,
          5.974759250557567,
          -2.9603752914900197,
          -3.639866294853676,
          -0.4772718949327012,
          3.0915631407113886,
          -0.6802149498605553,
          -1.1536498859965865,
          3.1183271106973276,
          1.6793345323091537,
          4.481738400184811,
          5.903232356676273,
          5.2774856256338625,
          0.7541990381925568,
          3.6639738353190228,
          -0.2656985253274191,
          -4.740853385774559,
          -0.5050143069313231
        ],
        [
          3.488216939453891,
          -13.398595467933296,
          3.1109108893580775,
          2.3496474560126903,
          -8.855938096993576,
          0.4151337090154337,
          -2.660936902475582,
          -3.6221479063845865,
          -2.771978010591172,
          -4.0132728178270245,
          -3.69508578541457,
          5.013907832389655,
          0.5923607999002999,
          2.232504798162499,
          -2.913083238101731,
          -2.6847931760572257,
          -6.389155286429265,
          2.5924428706669427,
          -18.268260643523558,
          0.7985380651674869,
          -0.7689377143156313,
          3.6026224346385187,
          -7.65278766630605,
          -11.304010018810457,
          4.66441427049625
        ],
        [
          -4.89669574152777,
          1.385144894800082,
          -0.3221736655438232,
          4.372622500157016,
          4.301264504154319,
          5.904758051184737,
          -17.152352725987296,
          -2.4431855562411084,
          -11.564056856863186,
          -4.729907473407606,
          -7.355664810525252,
          -4.4328826848012115,
          -4.988623621097992,
          -0.14510664971399392,
          4.1495058178671105,
          4.390749588473507,
          -1.874849369884466,
          -1.4996334247213081,
          -5.252893450433179,
          5.006087479966492,
          -0.6916810499206383,
          -1.470623559858062,
          0.20312802838175945,
          -4.288208278232136,
          5.044134337037741
        ],
        [
          5.7354016976580615,
          -0.7665575208816593,
          -4.625458973993432,
          8.738137930834931,
          13.271923216337202,
          -6.883794394225146,
          1.5093919166471352,
          -8.941117174232764,
          -5.26256081529354,
          -1.242589547121176,
          0.8377292345391548,
          -1.6421175451927386,
          -11.693064744107755,
          -3.205876327423357,
          6.75641381838426,
          14.441287382928534,
          -11.941478464229426,
          -9.927121833026844,
          1.692855394049893,
          -3.9541929191893463,
          -4.954488547340246,
          -3.936481952214533,
          3.347838170209789,
          -6.703579204829988,
          -0.8717558169871812
        ],
        [
          -7.643959976838001,
          -1.6160412135627138,
          5.654918087084979,
          10.307091943494962,
          4.155033084596086,
          -11.54859653941599,
          1.5932468456692999,
          -8.336333560612827,
          -4.1261014250154195,
          -0.3655702338545457,
          -11.01987340977011,
          -8.547519360972062,
          -11.155757366917232,
          -3.804947480347291,
          15.173956143755799,
          16.108616077497235,
          -0.788042595944922,
          -3.2634605710773266,
          -3.640403109661679,
          -6.106780577840482,
          -11.12393218845247,
          -0.7916351959106048,
          6.597668290108978,
          -5.21238938016511,
          3.5765692456119553
        ],
        [
          6.836255444040925,
          -7.286548937512137,
          -3.1666945788863043,
          -10.32107679403323,
          -11.415402842124077,
          -6.396450907874718,
          10.902417413077607,
          -1.2672782705868098,
          6.727438392112147,
          5.188554776297269,
          -5.080541753229391,
          -3.525832205547497,
          9.537277754603892,
          1.9915081456267871,
          -4.333394814167128,
          -6.98290173699357,
          -0.3143569086331845,
          5.512455312967427,
          -13.957524052228273,
          -6.370445022261874,
          -13.835890946650528,
          -2.032885253813889,
          -5.971764451818649,
          5.454440274888933,
          17.6265286965768
        ],
        [
          0.7181111094467406,
          -4.148842159589446,
          4.399503609832517,
          -4.662295071470444,
          -4.460776336977057,
          -2.2375364062705367,
          3.1366417124503894,
          -3.653712022143552,
          3.7906974606326296,
          1.0607734632415697,
          -3.936725918588258,
          -4.0552726005143125,
          7.0122250024967645,
          6.645588065382087,
          -4.21404253139215,
          -4.250656710121821,
          0.9207107207460418,
          5.347152692312996,
          -5.900885684833059,
          -4.56641719772348,
          -5.444272288276612,
          2.277668642357409,
          -7.792548628975738,
          -1.4139853205026907,
          6.432294582797664
        ],
        [
          -4.149358876631618,
          -5.553778360896963,
          4.419683647913157,
          2.9388138317221704,
          6.1807468856891905,
          6.74571778138161,
          -2.5340646358078094,
          -1.3536106995027377,
          5.638472319279406,
          -6.15168723329321,
          -4.5393661256163025,
          -5.268666616836865,
          3.249679660768987,
          -2.570307558559509,
          -0.8858757963463656,
          7.984003151943479,
          -4.906167271200644,
          -1.9901104197754707,
          0.4683096563258329,
          -6.6313037195968425,
          3.707124723232236,
          -10.088489884714292,
          3.2228299122362882,
          -6.2321520474396515,
          -2.5790847646663293
        ],
        [
          2.544903145914926,
          6.277365209973009,
          -4.499365488990229,
          -4.656060388379238,
          11.046949434386322,
          1.1735503101491467,
          1.5015403766315865,
          -2.035641907958722,
          11.106060537581264,
          7.909703703845977,
          -3.9251895355536557,
          -0.815201003909453,
          12.097344760770513,
          1.3643289741121396,
          -7.269435791274565,
          -9.562396739548868,
          -3.7594279548084484,
          -9.915252872296385,
          8.371169174590962,
          5.738808971411275,
          5.356092139730852,
          -9.324708746344246,
          11.702777892959487,
          10.759005654959578,
          -13.321193304505188
        ],
        [
          8.302676177833233,
          -2.9679876013663624,
          6.518708190773528,
          0.2348614649653118,
          -4.837005060514607,
          2.452809081349617,
          -1.377448342643617,
          1.201822561482863,
          -0.07944484357221741,
          -4.346835533074377,
          6.802092898849079,
          -8.845608187923641,
          -11.550613888605294,
          -0.20930441363464009,
          6.490669081236165,
          1.4122473506725075,
          -9.173580853403012,
          -0.17228897864213993,
          -10.550421906683331,
          4.744785082978604,
          1.4973473241525248,
          -6.701822804505692,
          0.7483562357749567,
          1.1459922975179087,
          -1.7024778791332658
        ],
        [
          4.166167248681051,
          -6.199843352028711,
          0.0654885254387227,
          -2.017039622751996,
          -6.418873363924812,
          -2.1804167988083325,
          -4.505248761095746,
          4.47203263153261,
          -6.163812652560097,
          5.460997635317699,
          -2.38762053580009,
          5.52166790854749,
          4.461888897550971,
          -2.9013820554656045,
          6.356772456762089,
          -4.268132960095806,
          2.782506378183736,
          -2.3206249200686004,
          -2.0256534245704185,
          -2.658427523990678,
          -12.524639909978546,
          3.1285656371870347,
          -8.112725634389871,
          -1.1650881118072915,
          -1.1896398058140276
        ],
        [
          7.195097748354737,
          3.6223865222548643,
          4.337170315686423,
          0.6114161887172508,
          3.575833365333156,
          -1.162193099153603,
          0.41773855377704955,
          2.58507782941671,
          -0.6155709984031227,
          -12.83471009092387,
          2.267510540488235,
          1.9038501688272278,
          -9.308407116798906,
          -14.497188858062403,
          -6.3797810651289195,
          4.644387253344952,
          1.4066320857153078,
          -3.9893372205410023,
          -8.702137921861866,
          -13.06631360567492,
          4.696597282791427,
          -0.6636675816964831,
          1.3000453317758967,
          0.7264152432442582,
          0.7022581424961396
        ],
        [
          -6.366760654660748,
          -4.512349689504697,
          -3.3337320534659747,
          -0.17768925767879054,
          -1.00195632252054,
          2.4470872025648873,
          0.9513051695408833,
          -3.662300099974096,
          2.392872469154328,
          1.8372080877894963,
          3.8296652929937625,
          -14.083028553640856,
          -7.298753482483366,
          -8.486918994954063,
          0.7060272707627179,
          -4.7227448774252005,
          4.823246268525869,
          -0.1781561437352536,
          1.387960917566243,
          4.269263556447895,
          6.260602827303874,
          -3.930067787435246,
          -1.6747384209120528,
          -8.08447897442946,
          -5.608510312238715
        ],
        [
          1.182839582908091,
          -0.6534170296252721,
          -0.9891687726956299,
          -7.788727097073648,
          -5.4974227729107685,
          -2.216522665406395,
          4.56756460819932,
          3.9362871887570132,
          7.193068861893854,
          3.6754203605754694,
          -5.844583746655851,
          -2.8748599747045787,
          9.132504943464935,
          6.0948991670889905,
          -9.445376011678716,
          -10.837107588423887,
          5.570545272166719,
          0.9797943346676806,
          0.7479749958549186,
          -2.0923242481284836,
          0.6794762387393597,
          3.4365702625875203,
          -2.05535997877953,
          6.890618580616689,
          -0.14679596978575946
        ],
        [
          -0.10944739965898789,
          0.9384871550636862,
          -2.3787482926582344,
          -5.393401146149108,
          -2.624365677408915,
          3.681553604554504,
          -1.2810038959946086,
          6.2991492565702405,
          4.9786437973301085,
          2.4316507781121266,
          3.82439289416177,
          2.466312553887861,
          7.017902890705705,
          5.522409796922992,
          -5.156793348596692,
          -9.068730070582788,
          -0.2820159529539361,
          0.656810592062819,
          0.836754536281388,
          6.082328509203157,
          1.6119494942512564,
          1.2387348477591742,
          -0.1469486909280472,
          2.25704551925113,
          -0.9747508260932973
        ]
      ],
      "nablaW": [
        [
          0.0,
          0.0,
          0.0,
          0.0,
          0.0,
          0.0,
          0.0,
          0.0,
          0.0,
          0.0,
          0.0,
          0.0,
          0.0,
          0.0,
          0.0,
          0.0,
          0.0,
          0.0,
          0.0,
          0.0,
          0.0,
          0.0,
          0.0,
          0.0,
          0.0
        ],
        [
          0.0,
          0.0,
          0.0,
          0.0,
          0.0,
          0.0,
          0.0,
          0.0,
          0.0,
          0.0,
          0.0,
          0.0,
          0.0,
          0.0,
          0.0,
          0.0,
          0.0,
          0.0,
          0.0,
          0.0,
          0.0,
          0.0,
          0.0,
          0.0,
          0.0
        ],
        [
          0.0,
          0.0,
          0.0,
          0.0,
          0.0,
          0.0,
          0.0,
          0.0,
          0.0,
          0.0,
          0.0,
          0.0,
          0.0,
          0.0,
          0.0,
          0.0,
          0.0,
          0.0,
          0.0,
          0.0,
          0.0,
          0.0,
          0.0,
          0.0,
          0.0
        ],
        [
          0.0,
          0.0,
          0.0,
          0.0,
          0.0,
          0.0,
          0.0,
          0.0,
          0.0,
          0.0,
          0.0,
          0.0,
          0.0,
          0.0,
          0.0,
          0.0,
          0.0,
          0.0,
          0.0,
          0.0,
          0.0,
          0.0,
          0.0,
          0.0,
          0.0
        ],
        [
          0.0,
          0.0,
          0.0,
          0.0,
          0.0,
          0.0,
          0.0,
          0.0,
          0.0,
          0.0,
          0.0,
          0.0,
          0.0,
          0.0,
          0.0,
          0.0,
          0.0,
          0.0,
          0.0,
          0.0,
          0.0,
          0.0,
          0.0,
          0.0,
          0.0
        ],
        [
          0.0,
          0.0,
          0.0,
          0.0,
          0.0,
          0.0,
          0.0,
          0.0,
          0.0,
          0.0,
          0.0,
          0.0,
          0.0,
          0.0,
          0.0,
          0.0,
          0.0,
          0.0,
          0.0,
          0.0,
          0.0,
          0.0,
          0.0,
          0.0,
          0.0
        ],
        [
          0.0,
          0.0,
          0.0,
          0.0,
          0.0,
          0.0,
          0.0,
          0.0,
          0.0,
          0.0,
          0.0,
          0.0,
          0.0,
          0.0,
          0.0,
          0.0,
          0.0,
          0.0,
          0.0,
          0.0,
          0.0,
          0.0,
          0.0,
          0.0,
          0.0
        ],
        [
          0.0,
          0.0,
          0.0,
          0.0,
          0.0,
          0.0,
          0.0,
          0.0,
          0.0,
          0.0,
          0.0,
          0.0,
          0.0,
          0.0,
          0.0,
          0.0,
          0.0,
          0.0,
          0.0,
          0.0,
          0.0,
          0.0,
          0.0,
          0.0,
          0.0
        ],
        [
          0.0,
          0.0,
          0.0,
          0.0,
          0.0,
          0.0,
          0.0,
          0.0,
          0.0,
          0.0,
          0.0,
          0.0,
          0.0,
          0.0,
          0.0,
          0.0,
          0.0,
          0.0,
          0.0,
          0.0,
          0.0,
          0.0,
          0.0,
          0.0,
          0.0
        ],
        [
          0.0,
          0.0,
          0.0,
          0.0,
          0.0,
          0.0,
          0.0,
          0.0,
          0.0,
          0.0,
          0.0,
          0.0,
          0.0,
          0.0,
          0.0,
          0.0,
          0.0,
          0.0,
          0.0,
          0.0,
          0.0,
          0.0,
          0.0,
          0.0,
          0.0
        ],
        [
          0.0,
          0.0,
          0.0,
          0.0,
          0.0,
          0.0,
          0.0,
          0.0,
          0.0,
          0.0,
          0.0,
          0.0,
          0.0,
          0.0,
          0.0,
          0.0,
          0.0,
          0.0,
          0.0,
          0.0,
          0.0,
          0.0,
          0.0,
          0.0,
          0.0
        ],
        [
          0.0,
          0.0,
          0.0,
          0.0,
          0.0,
          0.0,
          0.0,
          0.0,
          0.0,
          0.0,
          0.0,
          0.0,
          0.0,
          0.0,
          0.0,
          0.0,
          0.0,
          0.0,
          0.0,
          0.0,
          0.0,
          0.0,
          0.0,
          0.0,
          0.0
        ],
        [
          0.0,
          0.0,
          0.0,
          0.0,
          0.0,
          0.0,
          0.0,
          0.0,
          0.0,
          0.0,
          0.0,
          0.0,
          0.0,
          0.0,
          0.0,
          0.0,
          0.0,
          0.0,
          0.0,
          0.0,
          0.0,
          0.0,
          0.0,
          0.0,
          0.0
        ],
        [
          0.0,
          0.0,
          0.0,
          0.0,
          0.0,
          0.0,
          0.0,
          0.0,
          0.0,
          0.0,
          0.0,
          0.0,
          0.0,
          0.0,
          0.0,
          0.0,
          0.0,
          0.0,
          0.0,
          0.0,
          0.0,
          0.0,
          0.0,
          0.0,
          0.0
        ],
        [
          0.0,
          0.0,
          0.0,
          0.0,
          0.0,
          0.0,
          0.0,
          0.0,
          0.0,
          0.0,
          0.0,
          0.0,
          0.0,
          0.0,
          0.0,
          0.0,
          0.0,
          0.0,
          0.0,
          0.0,
          0.0,
          0.0,
          0.0,
          0.0,
          0.0
        ],
        [
          0.0,
          0.0,
          0.0,
          0.0,
          0.0,
          0.0,
          0.0,
          0.0,
          0.0,
          0.0,
          0.0,
          0.0,
          0.0,
          0.0,
          0.0,
          0.0,
          0.0,
          0.0,
          0.0,
          0.0,
          0.0,
          0.0,
          0.0,
          0.0,
          0.0
        ],
        [
          0.0,
          0.0,
          0.0,
          0.0,
          0.0,
          0.0,
          0.0,
          0.0,
          0.0,
          0.0,
          0.0,
          0.0,
          0.0,
          0.0,
          0.0,
          0.0,
          0.0,
          0.0,
          0.0,
          0.0,
          0.0,
          0.0,
          0.0,
          0.0,
          0.0
        ],
        [
          0.0,
          0.0,
          0.0,
          0.0,
          0.0,
          0.0,
          0.0,
          0.0,
          0.0,
          0.0,
          0.0,
          0.0,
          0.0,
          0.0,
          0.0,
          0.0,
          0.0,
          0.0,
          0.0,
          0.0,
          0.0,
          0.0,
          0.0,
          0.0,
          0.0
        ],
        [
          0.0,
          0.0,
          0.0,
          0.0,
          0.0,
          0.0,
          0.0,
          0.0,
          0.0,
          0.0,
          0.0,
          0.0,
          0.0,
          0.0,
          0.0,
          0.0,
          0.0,
          0.0,
          0.0,
          0.0,
          0.0,
          0.0,
          0.0,
          0.0,
          0.0
        ],
        [
          0.0,
          0.0,
          0.0,
          0.0,
          0.0,
          0.0,
          0.0,
          0.0,
          0.0,
          0.0,
          0.0,
          0.0,
          0.0,
          0.0,
          0.0,
          0.0,
          0.0,
          0.0,
          0.0,
          0.0,
          0.0,
          0.0,
          0.0,
          0.0,
          0.0
        ]
      ],
      "b": [
        3.684032590327639,
        -3.8586060692181516,
        -13.19983624680249,
        -5.700107038905091,
        1.7430744568428858,
        -14.920829574427053,
        -1.804052320099634,
        -6.731489695308359,
        -3.192949908539364,
        4.177876089033367,
        1.0799564077769546,
        -9.873325312052414,
        -6.24160691512049,
        5.94862976482033,
        -7.981672194642208,
        -8.957612139038869,
        -2.854665508476658,
        -10.231402934002437,
        -6.686622731672768,
        -13.732058794747111
      ],
      "nablaB": [
        0.0,
        0.0,
        0.0,
        0.0,
        0.0,
        0.0,
        0.0,
        0.0,
        0.0,
        0.0,
        0.0,
        0.0,
        0.0,
        0.0,
        0.0,
        0.0,
        0.0,
        0.0,
        0.0,
        0.0
      ]
    },
    {
      "w": [
        [
          -2.06308190452565,
          1.1651880757424042,
          1.3105831701209147,
          1.3476983159951683,
          3.3229171704697484,
          1.3153370839114256,
          -2.98345844437671,
          1.5659401141213343,
          1.0975001597258551,
          1.7836660735522392,
          -2.278103299140923,
          -8.636337094997417,
          3.2228146032690317,
          -1.3726272618045061,
          1.9296483666240816,
          1.5654808112486034,
          1.7130723375497956,
          3.5683706122325285,
          -2.051313371882414,
          -3.8950855576042973
        ],
        [
          1.6877430677732865,
          -1.0438384740637943,
          -1.2821624112363215,
          -1.1494578220075544,
          -3.3085979956121867,
          -1.1389601252470378,
          2.757257583915593,
          -1.3827703752160643,
          -0.9984668767279012,
          -1.3855794840327462,
          1.7950800159135207,
          -4.388105199842552,
          -2.9090064094234562,
          1.159890936527156,
          -1.7153984675963538,
          -1.2692854904468294,
          -1.3086874817595264,
          -2.778124219137599,
          -5.087562522693263,
          -3.19952521168559
        ],
        [
          0.5749514794331365,
          0.007519282771005659,
          0.07738651541414023,
          0.41205701590207966,
          0.6063182594752246,
          -0.02804469873921228,
          -1.0630055675550136,
          -1.272831282134331,
          -0.33410281922277485,
          -0.7777428324669684,
          0.6214970964015589,
          1.7980833993648897,
          -1.8986593206562716,
          0.4180255456951671,
          0.1196160192851514,
          0.1072537678435777,
          -0.5883493905885492,
          -6.348437113419623,
          1.2538234854205532,
          1.7541855859538686
        ],
        [
          1.1511029301867033,
          -0.5280451986103221,
          1.1676790394420244,
          -2.214862225669029,
          0.021411446393609253,
          -0.648264302499347,
          -0.0488417140290488,
          -0.7312900726988943,
          -1.1341187474996879,
          0.4348651453591548,
          0.06836024682334187,
          2.4502280654841497,
          -2.6373805498553087,
          0.42136078260011367,
          0.7718808507833385,
          -0.9226495870632664,
          0.35240488702823786,
          0.4758326072251672,
          2.6472385348849254,
          3.948749026093747
        ],
        [
          -0.0446135608889758,
          -0.6125430222776452,
          -1.2068510614863248,
          -0.31010126972702834,
          -0.09265706550716825,
          -0.15892839013098148,
          -0.8853395815914198,
          -1.6391802412440186,
          0.9650219898094009,
          -0.47987685960138937,
          1.7947806123617325,
          -1.5686327558423734,
          0.10138848106328985,
          -1.1876073907930207,
          0.717306971674775,
          -0.5765699542842517,
          -0.13092595703230323,
          -1.5848094248220717,
          -1.1570885048402553,
          -1.5447846836890138
        ],
        [
          -1.71376490698825,
          -0.33303827391380747,
          -0.9209231409623111,
          -0.0018275321153143496,
          0.051636857715347144,
          -0.21531284423739164,
          -0.4151184275532377,
          -1.1649187606926075,
          -0.017225376033456394,
          -0.5903122114355798,
          -0.5320655855231192,
          -1.2131826138093333,
          -0.21673120679039276,
          -0.514375367910985,
          -0.8903441187362667,
          -0.14053435606449866,
          -0.9381390500599713,
          -1.0491814714038814,
          -1.430073652937357,
          -2.028774795931694
        ],
        [
          -1.1811939791891632,
          -0.6456099780532571,
          -1.2254325464163622,
          -0.30619804567743397,
          -0.11203100562115771,
          -0.4049069337330859,
          -0.45621176566325283,
          -1.253836297205935,
          -1.3023561587736505,
          -1.5754966138512674,
          0.31828864134246154,
          -2.132140726930382,
          -1.0708777576068307,
          -1.4184925630027156,
          -0.6315854145401995,
          -0.0696842754939847,
          -0.5501350470212313,
          -1.757406559307198,
          -0.8853299469163619,
          -1.6228655817807038
        ],
        [
          -1.5472938767542082,
          -0.173282578041673,
          -1.501155913654039,
          -0.5013741192854332,
          0.10036432852696432,
          -0.5202978043332337,
          0.053048643124971845,
          -1.5964228351606367,
          -1.3268395463737424,
          -2.29587684249652,
          -0.264827756229485,
          -2.4791559883939347,
          -0.44722257283271954,
          -1.362102662091098,
          -0.8922770990421065,
          -0.7980800960845238,
          -1.0035672312739041,
          -1.2469860514785762,
          -1.6195004963721362,
          -2.0079506935603626
        ],
        [
          -1.5142392002294711,
          -0.9437737499907306,
          -1.3882763005586978,
          -0.3227884280048035,
          0.2834764726732778,
          -0.8931740264714049,
          -0.5204532026968363,
          -0.7398026902633236,
          -1.2879828289126194,
          -2.263665740150294,
          -0.9542575838997168,
          -1.3826845598384854,
          -0.6843442807851157,
          -1.3471392280541419,
          -0.8878066925717222,
          -0.38483393147367684,
          -1.4711471756915964,
          -1.6725063417178074,
          -1.6678639977185055,
          -1.470803053532082
        ],
        [
          -1.978530182580354,
          -0.12399871624683222,
          -1.5090014403319767,
          -0.4399647905157027,
          0.24923815497417495,
          -1.0192999267548666,
          0.025369416377597338,
          -1.3798748546677744,
          -0.7044406282381971,
          -2.1350755209652803,
          -0.7282992033962064,
          -1.583506137656419,
          -1.2796885734896688,
          -1.0485582010699628,
          -1.0223598122708826,
          -0.12916955162793198,
          -0.830865007298826,
          -1.0258115418772866,
          -1.9895043839443851,
          -2.1701229275073137
        ]
      ],
      "nablaW": [
        [
          0.0,
          0.0,
          0.0,
          0.0,
          0.0,
          0.0,
          0.0,
          0.0,
          0.0,
          0.0,
          0.0,
          0.0,
          0.0,
          0.0,
          0.0,
          0.0,
          0.0,
          0.0,
          0.0,
          0.0
        ],
        [
          0.0,
          0.0,
          0.0,
          0.0,
          0.0,
          0.0,
          0.0,
          0.0,
          0.0,
          0.0,
          0.0,
          0.0,
          0.0,
          0.0,
          0.0,
          0.0,
          0.0,
          0.0,
          0.0,
          0.0
        ],
        [
          0.0,
          0.0,
          0.0,
          0.0,
          0.0,
          0.0,
          0.0,
          0.0,
          0.0,
          0.0,
          0.0,
          0.0,
          0.0,
          0.0,
          0.0,
          0.0,
          0.0,
          0.0,
          0.0,
          0.0
        ],
        [
          0.0,
          0.0,
          0.0,
          0.0,
          0.0,
          0.0,
          0.0,
          0.0,
          0.0,
          0.0,
          0.0,
          0.0,
          0.0,
          0.0,
          0.0,
          0.0,
          0.0,
          0.0,
          0.0,
          0.0
        ],
        [
          0.0,
          0.0,
          0.0,
          0.0,
          0.0,
          0.0,
          0.0,
          0.0,
          0.0,
          0.0,
          0.0,
          0.0,
          0.0,
          0.0,
          0.0,
          0.0,
          0.0,
          0.0,
          0.0,
          0.0
        ],
        [
          0.0,
          0.0,
          0.0,
          0.0,
          0.0,
          0.0,
          0.0,
          0.0,
          0.0,
          0.0,
          0.0,
          0.0,
          0.0,
          0.0,
          0.0,
          0.0,
          0.0,
          0.0,
          0.0,
          0.0
        ],
        [
          0.0,
          0.0,
          0.0,
          0.0,
          0.0,
          0.0,
          0.0,
          0.0,
          0.0,
          0.0,
          0.0,
          0.0,
          0.0,
          0.0,
          0.0,
          0.0,
          0.0,
          0.0,
          0.0,
          0.0
        ],
        [
          0.0,
          0.0,
          0.0,
          0.0,
          0.0,
          0.0,
          0.0,
          0.0,
          0.0,
          0.0,
          0.0,
          0.0,
          0.0,
          0.0,
          0.0,
          0.0,
          0.0,
          0.0,
          0.0,
          0.0
        ],
        [
          0.0,
          0.0,
          0.0,
          0.0,
          0.0,
          0.0,
          0.0,
          0.0,
          0.0,
          0.0,
          0.0,
          0.0,
          0.0,
          0.0,
          0.0,
          0.0,
          0.0,
          0.0,
          0.0,
          0.0
        ],
        [
          0.0,
          0.0,
          0.0,
          0.0,
          0.0,
          0.0,
          0.0,
          0.0,
          0.0,
          0.0,
          0.0,
          0.0,
          0.0,
          0.0,
          0.0,
          0.0,
          0.0,
          0.0,
          0.0,
          0.0
        ]
      ],
      "b": [
        -1.8580580426095104,
        1.2280316590488105,
        -2.710470124404171,
        -4.702248999815265,
        -5.814909994559105,
        -5.353147377759128,
        -5.34161440684415,
        -5.789672108213035,
        -5.765789540013255,
        -5.84050758491048
      ],
      "nablaB": [
        0.0,
        0.0,
        0.0,
        0.0,
        0.0,
        0.0,
        0.0,
        0.0,
        0.0,
        0.0
      ]
    }
  ]
}