Posterior: 0.606262
{
  "topologia": [
    30,
    11,
    8,
    10
  ],
  "learningRate": 0.05,
  "cantEntrenamientos": 1000,
  "capas": [
    {
      "w": [
        [
          -5.083162803443048,
          0.3785344028013647,
          -0.19075904831098192,
          -0.7612844146005655,
          1.0771604321090893,
          0.8644164848512244,
          -6.169281467917848,
          -1.5121189767561964,
          2.991026543737934,
          0.7675115309115881,
          -4.212188919047909,
          8.304353289491662,
          -5.8725948065118505,
          0.2748157693459622,
          -3.736994613509859,
          -2.5218106607810116,
          5.924805274064272,
          -9.57818736784463,
          -0.6253210585645462,
          0.3772925580008181,
          0.7269047077903761,
          -3.2034598464584327,
          -0.33071076014485834,
          -0.04739655645607683,
          -5.283894115737558,
          1.7423422923688567,
          -1.9378082972761344,
          -0.7099240887636232,
          -1.0560435338813623,
          0.2699309885497751
        ],
        [
          -2.0341422745369293,
          0.22581344831853598,
          1.9951189917972445,
          9.786696651752413,
          1.0146049803139097,
          3.7522811717206292,
          1.7498464058493428,
          4.743589292915964,
          4.36673682857889,
          -0.21253323705888885,
          -0.24406138961549204,
          -2.2558265636216244,
          -0.32840432079636867,
          1.3577600972979174,
          2.5279196720087223,
          -5.229139728123058,
          2.1204397898769214,
          4.519182853593209,
          3.5332632760176748,
          1.3872393210550689,
          -3.510263039474689,
          -3.0061551259078745,
          -4.8178027232053395,
          -2.274996784688697,
          -2.44175326683101,
          3.055620371020956,
          -1.99384858775642,
          -0.07827061166623168,
          1.027161140837788,
          4.630048345344645
        ],
        [
          -0.3949665085905368,
          -1.0581138451669982,
          -5.613086115677288,
          -6.170942346045601,
          -0.15416515819255847,
          0.11428956923457277,
          0.5761483940698431,
          0.055834564281767,
          -8.946305979988582,
          -10.150480095405804,
          1.9757609262846227,
          2.1747453473032823,
          -0.17524896877001397,
          -0.7820344811110589,
          -4.669157441688111,
          -6.953892155277273,
          -1.061099480758802,
          0.321998571472306,
          0.9583259807948874,
          -0.9939052057376959,
          -0.2255137088717087,
          -0.18966286225859866,
          -1.1963590680922662,
          0.920923513938609,
          0.18978388611613373,
          -0.3506164961566363,
          1.232575289492946,
          2.4647313472766896,
          -0.968991834706472,
          -3.224022389599055
        ],
        [
          0.17893494445468466,
          0.07408962455515315,
          -0.27753764004963916,
          -0.9571157907837997,
          -0.7277825153015479,
          -2.788356804365551,
          0.2944316725984736,
          0.03436417669513925,
          0.2876316961293146,
          -0.582551456395413,
          -0.5139225112837565,
          -2.6223856189237273,
          0.2749150109501088,
          -0.2708502699075602,
          -0.44540044373578014,
          -0.6427349131421086,
          -0.31638645554260886,
          -2.9279610299930763,
          -0.0382130395603778,
          0.11411946506208161,
          -0.12511844480365117,
          -0.19065005804059246,
          -0.07233777776469065,
          -3.095628106028518,
          0.21946041351658435,
          -0.23652408036791053,
          -0.8398379903597825,
          -0.42603621819387416,
          -0.2809965843118028,
          -3.3142259119052295
        ],
        [
          0.8471299986679632,
          0.4417999448457066,
          -5.398684387292169,
          -5.473383874506088,
          0.7493549561888176,
          -1.504269514286327,
          -0.44862819331530407,
          0.25789056340214767,
          1.3914530062128454,
          2.4271170621115377,
          -0.3606316117173376,
          -3.4937510368576907,
          -0.026256080762470952,
          -0.7704311292665135,
          -6.515394916501835,
          -8.15603844616986,
          -0.619034136501493,
          0.5164322942696916,
          -1.0752235733282436,
          -0.583021029086112,
          3.718209220763253,
          3.7049252715677428,
          1.5692371116265125,
          0.2460926383313446,
          0.600723724454909,
          0.8655867890562711,
          -6.7783969175618815,
          -7.229023372858469,
          2.0470608887199284,
          -0.25154557550015294
        ],
        [
          -3.0006266507434587,
          0.8932731577474032,
          -9.14007621605377,
          1.533679436219019,
          -1.3938899792946031,
          -4.617849079986311,
          -2.6203232813849953,
          -1.9097924166744416,
          -8.515407368186446,
          1.9092428764040719,
          -0.6617286460591163,
          -9.574753514045357,
          -2.200998089717408,
          0.07688174316541127,
          -0.49836125592254993,
          0.37817647167264484,
          -3.0357473875531586,
          2.3976146594717203,
          0.25100600689374997,
          0.34670608267203096,
          4.308834266340786,
          -2.046372024271447,
          -2.502026812136647,
          6.2133126611579605,
          -1.2439911216398685,
          0.783701003479266,
          7.222016485738006,
          -2.0363391222227705,
          -0.9875816079267915,
          9.753096391982327
        ],
        [
          -0.09964305188396755,
          -0.14970290922162865,
          0.288294368222543,
          0.4799851251612648,
          -2.7108437394829226,
          -0.44712827009801015,
          -0.07152794652848958,
          -0.042532080263850955,
          0.29553812962642095,
          0.5420014548838826,
          -3.019702182066545,
          -0.24954102626719163,
          -0.06219206220257826,
          0.29468399017758173,
          0.6279413653793604,
          0.45029970980633566,
          -2.794497187094782,
          -0.6271158219232578,
          -0.15504089269888727,
          -0.07455610319162265,
          0.4408427182967221,
          0.15528090089845517,
          -2.5903077676474333,
          -0.26468479233155406,
          -0.46786192408804084,
          0.15177073037607652,
          0.37560052515849307,
          0.23921524030480149,
          -2.8091265124252693,
          0.25327563527462676
        ],
        [
          0.04425272454848165,
          1.0347203994512706,
          -3.545927830632181,
          -3.476808920337073,
          1.14174967349035,
          0.630578051027029,
          -0.6216011123637477,
          -1.0547631926429606,
          4.054401917338909,
          4.547753946384997,
          -0.1278646098681075,
          -0.5501020776149196,
          -0.6872759387935252,
          -0.7963208571738142,
          -5.339660728420733,
          -5.611100383731878,
          1.8056157858152602,
          2.891678882965318,
          0.4388025447771558,
          0.184966932580371,
          15.404641123413004,
          14.541972522959924,
          2.0918101803888103,
          2.4224606009951124,
          -0.2412138241915765,
          0.17402730539202851,
          4.923626156839094,
          5.499680057838922,
          -1.135938687171067,
          -1.7791291614665308
        ],
        [
          -0.15434901141426713,
          -0.19687280655391795,
          -3.553478245956868,
          -0.24821101649536406,
          0.1436423204563893,
          -0.6707878067365427,
          -0.19618528683066003,
          0.006314791826474351,
          -3.1498448249590605,
          0.11915310236867707,
          0.1390074863204298,
          -0.41721831756984873,
          -0.11829660140479643,
          -0.3421610566618701,
          -3.6802032856040925,
          -0.2725341460822545,
          0.4857016821268582,
          -0.7004749716335723,
          0.1203222043373737,
          0.01776898232280666,
          -2.933921085807922,
          0.01987882768063625,
          0.12051815637014375,
          -0.6451580862514087,
          0.03705556562372211,
          -0.1719665513285606,
          -3.2237425785863616,
          0.18223181176906686,
          0.1944566001657305,
          -0.6763040620361442
        ],
        [
          0.05236049982327408,
          7.522206659854423E-4,
          -0.5067462833831217,
          5.178858151251767,
          -0.0479011669935231,
          0.08639797195876976,
          0.20143587445266917,
          -0.1876877497404623,
          0.28097623004773337,
          5.504142375235067,
          0.2663845449176688,
          -0.1364769288664759,
          0.21810250639603362,
          -0.09328813190758593,
          0.02370289590325078,
          5.337791127524496,
          -0.4170401998470601,
          0.29685897602567085,
          -0.01082032848252266,
          -0.14178898509737753,
          -0.13974469194420414,
          5.577111590250105,
          -0.01633524380588201,
          0.11770365559710945,
          -0.1269838386210017,
          0.0533399158594179,
          -0.04781063940615512,
          5.110493108365884,
          0.03656706963185599,
          0.2211373454186698
        ],
        [
          -0.16965758790647714,
          -0.04058453625017072,
          -1.1649052070283106,
          -1.2476714253971557,
          -1.6274140528232606,
          0.9817331395405958,
          0.24672445946837002,
          0.0381502260488874,
          -1.0638117298573946,
          -0.8359806825957342,
          -1.594711900416442,
          1.1418730828004224,
          0.010222299427928804,
          -0.1284337501781768,
          -1.633173667663697,
          -1.345619354879343,
          -1.6414775809159936,
          1.456282286564482,
          0.341637543073418,
          -0.027465393756317166,
          -1.0015831428582012,
          -0.6792210793389831,
          -1.6412355269712766,
          0.8552114746838749,
          0.21924399138764322,
          -0.18893182817008092,
          -1.363198235928697,
          -0.9873054559251843,
          -1.6568354501418556,
          0.9818640313264777
        ]
      ],
      "nablaW": [
        [
          0.0,
          0.0,
          0.0,
          0.0,
          0.0,
          0.0,
          0.0,
          0.0,
          0.0,
          0.0,
          0.0,
          0.0,
          0.0,
          0.0,
          0.0,
          0.0,
          0.0,
          0.0,
          0.0,
          0.0,
          0.0,
          0.0,
          0.0,
          0.0,
          0.0,
          0.0,
          0.0,
          0.0,
          0.0,
          0.0
        ],
        [
          0.0,
          0.0,
          0.0,
          0.0,
          0.0,
          0.0,
          0.0,
          0.0,
          0.0,
          0.0,
          0.0,
          0.0,
          0.0,
          0.0,
          0.0,
          0.0,
          0.0,
          0.0,
          0.0,
          0.0,
          0.0,
          0.0,
          0.0,
          0.0,
          0.0,
          0.0,
          0.0,
          0.0,
          0.0,
          0.0
        ],
        [
          0.0,
          0.0,
          0.0,
          0.0,
          0.0,
          0.0,
          0.0,
          0.0,
          0.0,
          0.0,
          0.0,
          0.0,
          0.0,
          0.0,
          0.0,
          0.0,
          0.0,
          0.0,
          0.0,
          0.0,
          0.0,
          0.0,
          0.0,
          0.0,
          0.0,
          0.0,
          0.0,
          0.0,
          0.0,
          0.0
        ],
        [
          0.0,
          0.0,
          0.0,
          0.0,
          0.0,
          0.0,
          0.0,
          0.0,
          0.0,
          0.0,
          0.0,
          0.0,
          0.0,
          0.0,
          0.0,
          0.0,
          0.0,
          0.0,
          0.0,
          0.0,
          0.0,
          0.0,
          0.0,
          0.0,
          0.0,
          0.0,
          0.0,
          0.0,
          0.0,
          0.0
        ],
        [
          0.0,
          0.0,
          0.0,
          0.0,
          0.0,
          0.0,
          0.0,
          0.0,
          0.0,
          0.0,
          0.0,
          0.0,
          0.0,
          0.0,
          0.0,
          0.0,
          0.0,
          0.0,
          0.0,
          0.0,
          0.0,
          0.0,
          0.0,
          0.0,
          0.0,
          0.0,
          0.0,
          0.0,
          0.0,
          0.0
        ],
        [
          0.0,
          0.0,
          0.0,
          0.0,
          0.0,
          0.0,
          0.0,
          0.0,
          0.0,
          0.0,
          0.0,
          0.0,
          0.0,
          0.0,
          0.0,
          0.0,
          0.0,
          0.0,
          0.0,
          0.0,
          0.0,
          0.0,
          0.0,
          0.0,
          0.0,
          0.0,
          0.0,
          0.0,
          0.0,
          0.0
        ],
        [
          0.0,
          0.0,
          0.0,
          0.0,
          0.0,
          0.0,
          0.0,
          0.0,
          0.0,
          0.0,
          0.0,
          0.0,
          0.0,
          0.0,
          0.0,
          0.0,
          0.0,
          0.0,
          0.0,
          0.0,
          0.0,
          0.0,
          0.0,
          0.0,
          0.0,
          0.0,
          0.0,
          0.0,
          0.0,
          0.0
        ],
        [
          0.0,
          0.0,
          0.0,
          0.0,
          0.0,
          0.0,
          0.0,
          0.0,
          0.0,
          0.0,
          0.0,
          0.0,
          0.0,
          0.0,
          0.0,
          0.0,
          0.0,
          0.0,
          0.0,
          0.0,
          0.0,
          0.0,
          0.0,
          0.0,
          0.0,
          0.0,
          0.0,
          0.0,
          0.0,
          0.0
        ],
        [
          0.0,
          0.0,
          0.0,
          0.0,
          0.0,
          0.0,
          0.0,
          0.0,
          0.0,
          0.0,
          0.0,
          0.0,
          0.0,
          0.0,
          0.0,
          0.0,
          0.0,
          0.0,
          0.0,
          0.0,
          0.0,
          0.0,
          0.0,
          0.0,
          0.0,
          0.0,
          0.0,
          0.0,
          0.0,
          0.0
        ],
        [
          0.0,
          0.0,
          0.0,
          0.0,
          0.0,
          0.0,
          0.0,
          0.0,
          0.0,
          0.0,
          0.0,
          0.0,
          0.0,
          0.0,
          0.0,
          0.0,
          0.0,
          0.0,
          0.0,
          0.0,
          0.0,
          0.0,
          0.0,
          0.0,
          0.0,
          0.0,
          0.0,
          0.0,
          0.0,
          0.0
        ],
        [
          0.0,
          0.0,
          0.0,
          0.0,
          0.0,
          0.0,
          0.0,
          0.0,
          0.0,
          0.0,
          0.0,
          0.0,
          0.0,
          0.0,
          0.0,
          0.0,
          0.0,
          0.0,
          0.0,
          0.0,
          0.0,
          0.0,
          0.0,
          0.0,
          0.0,
          0.0,
          0.0,
          0.0,
          0.0,
          0.0
        ]
      ],
      "b": [
        2.556436272720606,
        7.973601166822373,
        12.4827784963021,
        13.02220790342573,
        5.526164995592059,
        -0.5161254014678834,
        2.708651417451693,
        -11.919701817719533,
        4.1503320724511665,
        -4.617736934764691,
        7.8489434754312155
      ],
      "nablaB": [
        0.0,
        0.0,
        0.0,
        0.0,
        0.0,
        0.0,
        0.0,
        0.0,
        0.0,
        0.0,
        0.0
      ]
    },
    {
      "w": [
        [
          -2.248692349021741,
          4.63290875560302,
          1.676249189486486,
          -8.038625522020453,
          2.311666925583172,
          -1.3370381530120428,
          8.605207033495674,
          -0.6878380832764716,
          7.732784524089602,
          -6.841600637521212,
          -9.487407273016185
        ],
        [
          -1.3058324362175753,
          6.387708669215217,
          -8.084035704315026,
          -4.461637069707823,
          -13.397533231965948,
          -1.9704652431038088,
          3.749159140074719,
          9.251608600664571,
          2.528257474493545,
          -5.8716882922961355,
          -2.7862291723145787
        ],
        [
          -0.07661357611365614,
          -0.9702155158212585,
          -0.85137697127747,
          5.046871162803594,
          -5.433465131787674,
          1.4248163577469644,
          -4.449053107607097,
          2.1386067287278445,
          -1.7353660334154324,
          1.9477000700158527,
          5.9904774187716505
        ],
        [
          4.515321568096176,
          -6.707792103861698,
          -2.140503588522212,
          3.442302557733337,
          -1.7926102897572356,
          1.3577642270588923,
          -4.930171653190055,
          0.32410946150145364,
          -9.963484181427292,
          9.591457459350735,
          2.835396774503816
        ],
        [
          -2.6291647332004713,
          5.042688923916868,
          -4.508571809475626,
          -6.158880692845276,
          -10.229333102099401,
          -1.7932458813960983,
          7.060278668854475,
          4.888054609139697,
          5.9474656154515095,
          -6.409626878733253,
          -5.944756175412011
        ],
        [
          -1.1426127046333203,
          -0.647746843536416,
          1.9817037218590339,
          -3.013015661895677,
          -0.21018793437894887,
          1.662124280770671,
          4.6915271510997405,
          0.48177088047752975,
          6.477651389568231,
          -5.351600212522906,
          -4.128890923048888
        ],
        [
          0.9858171461066236,
          -3.9411432563869475,
          -0.271707157776206,
          5.959995410230966,
          1.426277854823186,
          1.9779142756314279,
          -6.8218696939339845,
          0.6628126546552522,
          -5.888736566286574,
          5.340605682975582,
          6.745396371034721
        ],
        [
          -0.7095157603917355,
          0.15692934620023694,
          1.2039649440955902,
          -1.7738439220218076,
          0.45671203359078605,
          -0.7322727138780635,
          -3.618246933584282,
          -0.9947153965154478,
          -6.80159297024551,
          -5.341310921386864,
          -0.4755002243119292
        ]
      ],
      "nablaW": [
        [
          0.0,
          0.0,
          0.0,
          0.0,
          0.0,
          0.0,
          0.0,
          0.0,
          0.0,
          0.0,
          0.0
        ],
        [
          0.0,
          0.0,
          0.0,
          0.0,
          0.0,
          0.0,
          0.0,
          0.0,
          0.0,
          0.0,
          0.0
        ],
        [
          0.0,
          0.0,
          0.0,
          0.0,
          0.0,
          0.0,
          0.0,
          0.0,
          0.0,
          0.0,
          0.0
        ],
        [
          0.0,
          0.0,
          0.0,
          0.0,
          0.0,
          0.0,
          0.0,
          0.0,
          0.0,
          0.0,
          0.0
        ],
        [
          0.0,
          0.0,
          0.0,
          0.0,
          0.0,
          0.0,
          0.0,
          0.0,
          0.0,
          0.0,
          0.0
        ],
        [
          0.0,
          0.0,
          0.0,
          0.0,
          0.0,
          0.0,
          0.0,
          0.0,
          0.0,
          0.0,
          0.0
        ],
        [
          0.0,
          0.0,
          0.0,
          0.0,
          0.0,
          0.0,
          0.0,
          0.0,
          0.0,
          0.0,
          0.0
        ],
        [
          0.0,
          0.0,
          0.0,
          0.0,
          0.0,
          0.0,
          0.0,
          0.0,
          0.0,
          0.0,
          0.0
        ]
      ],
      "b": [
        3.4558568689122775,
        -2.441573026475864,
        -5.844580888779656,
        -6.717349443252296,
        0.2265606001545597,
        2.503823190502904,
        -8.241811156615984,
        -0.20305684585076883
      ],
      "nablaB": [
        0.0,
        0.0,
        0.0,
        0.0,
        0.0,
        0.0,
        0.0,
        0.0
      ]
    },
    {
      "w": [
        [
          -7.80532294736969,
          -1.881841092708247,
          1.468114106838982,
          0.8311687635201855,
          -3.6119630487552272,
          -1.804081428652464,
          1.650880513269612,
          1.0531382241654696
        ],
        [
          -5.225898005139359,
          1.7082937368204163,
          -1.2407314247407426,
          -0.8530711744296267,
          -3.8626910531361176,
          1.1044497783679443,
          -1.411374384296727,
          -2.146030114656049
        ],
        [
          0.7929775773761493,
          0.8701906471858369,
          -0.7869327292081889,
          0.0905754610627594,
          0.9276770430656216,
          1.1995348654231155,
          -0.9719250466639494,
          3.422709848699793
        ],
        [
          2.466831000556847,
          1.178071987113842,
          -1.0662754598849358,
          -4.391939303325469,
          0.9207743041140308,
          -0.4327331287181621,
          -1.9858841065773125,
          -1.9798042006014516
        ],
        [
          -1.60824291105263,
          0.2394838464604835,
          -0.20681032260861754,
          -0.4993185867126109,
          -0.6621226867453459,
          -2.0789413086024173,
          -1.108135033430937,
          -1.499747621137603
        ],
        [
          -2.3185581619792033,
          -1.8883087410464678,
          -1.3393898954115522,
          -0.19659126823709805,
          -1.0222387014633068,
          -2.471116141362605,
          -1.652592171628363,
          -1.4176020725749179
        ],
        [
          0.027132525623983408,
          -1.4847803506999118,
          -2.3400216582277973,
          -1.3519163790562265,
          -1.354128404255269,
          -1.2503882771656738,
          -2.717899814042631,
          -1.9454667265044987
        ],
        [
          -1.0863246415724512,
          -0.7997494821711844,
          -2.975838771290692,
          -1.4440901249038283,
          -1.1432758503861884,
          -2.047646527998593,
          -2.2880005162223758,
          -1.9657691482313906
        ],
        [
          -1.7505414318348063,
          -1.028801720564544,
          -2.080538522755002,
          -1.760441270549639,
          -1.0858320146316063,
          -2.5286226443537125,
          -2.192044277261443,
          -0.8976065576931129
        ],
        [
          -1.8094486888187575,
          -0.8558873496787628,
          -3.08984057072087,
          -0.4378551514134075,
          -0.3199772090596073,
          -2.631276620918276,
          -2.4894339364790636,
          -1.5554148103846603
        ]
      ],
      "nablaW": [
        [
          0.0,
          0.0,
          0.0,
          0.0,
          0.0,
          0.0,
          0.0,
          0.0
        ],
        [
          0.0,
          0.0,
          0.0,
          0.0,
          0.0,
          0.0,
          0.0,
          0.0
        ],
        [
          0.0,
          0.0,
          0.0,
          0.0,
          0.0,
          0.0,
          0.0,
          0.0
        ],
        [
          0.0,
          0.0,
          0.0,
          0.0,
          0.0,
          0.0,
          0.0,
          0.0
        ],
        [
          0.0,
          0.0,
          0.0,
          0.0,
          0.0,
          0.0,
          0.0,
          0.0
        ],
        [
          0.0,
          0.0,
          0.0,
          0.0,
          0.0,
          0.0,
          0.0,
          0.0
        ],
        [
          0.0,
          0.0,
          0.0,
          0.0,
          0.0,
          0.0,
          0.0,
          0.0
        ],
        [
          0.0,
          0.0,
          0.0,
          0.0,
          0.0,
          0.0,
          0.0,
          0.0
        ],
        [
          0.0,
          0.0,
          0.0,
          0.0,
          0.0,
          0.0,
          0.0,
          0.0
        ],
        [
          0.0,
          0.0,
          0.0,
          0.0,
          0.0,
          0.0,
          0.0,
          0.0
        ]
      ],
      "b": [
        -2.472317408077859,
        1.9359959540541989,
        -2.1354441937071487,
        -1.8358459034705596,
        -4.437086074003873,
        -4.062323254745197,
        -3.803421932207589,
        -4.179182684309931,
        -4.4423616107529496,
        -4.063292786166588
      ],
      "nablaB": [
        0.0,
        0.0,
        0.0,
        0.0,
        0.0,
        0.0,
        0.0,
        0.0,
        0.0,
        0.0
      ]
    }
  ]
}