Posterior: 0.630507
{
  "topologia": [
    30,
    50,
    10
  ],
  "learningRate": 0.05,
  "cantEntrenamientos": 500,
  "capas": [
    {
      "w": [
        [
          -0.6704656078485853,
          -0.9752030451672185,
          -2.2603234698186085,
          -1.4462679058764805,
          1.5618490049490668,
          -2.496124181562739,
          1.2962320862573973,
          1.2276892698332122,
          -5.185164538705424,
          -3.0121957282130505,
          -2.8892242809200157,
          -1.7273531115440317,
          -0.45428880882849487,
          2.195764504446963,
          -3.805824183427643,
          4.336083028124837,
          7.034323777584043,
          0.9688012099498312,
          -1.3746539086274847,
          -2.2923242515716957,
          3.3198547252740274,
          -1.0102787201043464,
          -1.5755861788428391,
          1.6445303790827126,
          -0.768597306204147,
          -1.506704769193283,
          2.9022463884163083,
          -3.486658735934439,
          4.636319842469998,
          -0.5771422483542463
        ],
        [
          -0.5717178714676655,
          -0.19748839722189404,
          -1.9073252393816775,
          -1.9256938183201182,
          0.7986103230191693,
          1.37216936722217,
          -0.35847006686548366,
          -0.4038657551408901,
          0.8355902222189083,
          1.1151832835928452,
          -1.337544217592026,
          0.8986421259363125,
          -0.9529516415289874,
          1.3671400122651691,
          6.199160018793732,
          8.595607755132619,
          -4.45506140474748,
          -6.694806128859631,
          0.5073013416696678,
          -0.14016197682630777,
          -0.791450832355987,
          -0.9685144718798957,
          -0.8328806068463066,
          0.33502553832590026,
          -0.08114917840730002,
          0.9705277390076548,
          -7.102919516761621,
          -10.276110390757623,
          3.04989062689469,
          7.861196733437633
        ],
        [
          0.9559114622604992,
          -0.8023390960927195,
          -1.104076515593484,
          -0.17810513137528883,
          -1.3588411814215193,
          -1.1272981598461673,
          1.0132828091202857,
          -0.6897971172602197,
          -4.596918057969913,
          -0.25009763068802565,
          -3.5215147535303823,
          -3.812459205329032,
          -0.3429539751727526,
          -1.7309744602595165,
          1.4505795150664471,
          0.3148493933902915,
          2.309225829103682,
          2.2418585231827812,
          0.7768129351471678,
          0.39051707594935176,
          -3.8823199883389528,
          -0.11563403778317528,
          -3.985176255971789,
          -4.084308547982638,
          0.09259978625733703,
          -1.0759365052042578,
          4.743956733718505,
          0.1704639612852895,
          5.2771128091532695,
          4.891027070969927
        ],
        [
          -0.8968358795999021,
          -0.842656618650653,
          0.6236987502427175,
          -0.09617776415886503,
          -4.377634355787849,
          3.2664437052597624,
          0.2600831871902036,
          -0.17941419827187552,
          0.11901641786904044,
          0.007389772358196431,
          1.491682337378431,
          -2.063359353009339,
          -0.43906380904890574,
          1.4647378755077913,
          -0.30438039083333296,
          -0.5161880191264517,
          -0.0015331136184406414,
          -0.6621965446706624,
          0.12043655780406559,
          -0.1344720720809715,
          0.12699211986697695,
          -0.23212852660440755,
          -4.192359408395132,
          4.7247945302864816,
          0.1294427254578821,
          0.689050796291195,
          -0.9672684666016809,
          0.13148280362307685,
          2.5269087145204416,
          -4.208944364480776
        ],
        [
          -0.4035368928711029,
          1.0015901275800845,
          -1.8843789962253361,
          -0.06084809399675663,
          -0.3030757897579718,
          -0.8227878600027405,
          0.17037501245204242,
          -0.34377898246370525,
          -7.691240402657836,
          0.38069741595212153,
          -5.251777302934513,
          -7.320674755993685,
          0.09618595674555103,
          -0.2455830592872524,
          6.763788102294949,
          -1.1491730416261339,
          4.379187376225064,
          5.908561647900502,
          -0.0638698553177477,
          0.5661270754909247,
          -0.598828366893217,
          -0.4918053105470527,
          0.18507356062153507,
          -0.6128653980307698,
          -0.3935897796133602,
          -0.61255351761613,
          -4.389436220209562,
          0.7854155232183551,
          -3.0612743924613794,
          -3.3099313799386523
        ],
        [
          -0.23141198823007922,
          0.023760320411865016,
          -0.30798214654398615,
          -1.6901078041836424,
          2.748396040319641,
          -2.1115357040424727,
          0.5418976211627324,
          -0.10497391984191569,
          -0.7268388276803458,
          2.77567789391112,
          -3.7009796754708675,
          6.2204631902132395,
          -0.432008314404464,
          -0.5759842688305767,
          -1.421618260081751,
          -3.9835066794359415,
          2.9836507507144874,
          -4.523870174647705,
          -0.2976335369431511,
          -0.44906964529114646,
          1.9900830108606777,
          2.7086422765673586,
          -1.4236508447970462,
          1.8137067356305172,
          0.43184073225250763,
          -0.2847906658988975,
          0.19318188763836006,
          -2.2582660341498855,
          1.1967914572972953,
          -4.4731636006616435
        ],
        [
          0.23343870405271452,
          -0.27692811431472036,
          0.4088381249160853,
          -0.41540777367179543,
          -0.9238130447732438,
          -0.8613174023750415,
          0.13797749404236143,
          -0.028059907192606516,
          1.1546153859229487,
          0.1815788493445346,
          1.699869428738968,
          -1.0951574564485638,
          0.09996748596270692,
          -1.7116084858333829,
          -4.974599598522344,
          -1.0806051559909642,
          -5.233134902930451,
          3.6241220843864963,
          -0.21180231640159278,
          -0.2534991629479954,
          3.007377976059215,
          0.19197762228219864,
          3.7858360714382253,
          -4.45938467766796,
          0.3219824952240653,
          -0.8090511500523947,
          2.5145700792585663,
          -2.2128850001786207,
          2.766501282698456,
          -3.019564153371139
        ],
        [
          0.02565883416754941,
          -0.44166984098106127,
          -0.93004227285023,
          -1.5416893559184996,
          0.6299917122089932,
          -6.8986244127925485,
          2.9817656552525875,
          0.006883122140336687,
          -3.356861113649241,
          -1.0164018149505252,
          -0.5144160345834801,
          -3.6109540314903175,
          -0.09945553106682725,
          0.22671915267851658,
          -3.925177972874557,
          -2.7642323618713966,
          -1.7214267436475341,
          -2.1572266179117006,
          -0.8584196614648382,
          1.5243674481213256,
          -3.1181792999023656,
          -3.5788465880459714,
          -0.9101998913341617,
          -4.9304066080205,
          -1.2370837968143433,
          1.1015767663597928,
          -1.959270209109982,
          -2.1519034953240324,
          1.1600181658984325,
          -3.6669058215646513
        ],
        [
          2.4623984698882935,
          -0.7750506592747519,
          -1.2018085072547393,
          -2.2648682113214327,
          -7.253783277402789,
          0.21607631417350362,
          -3.1709929608199654,
          0.48245888796111164,
          3.056333085275168,
          -0.4753539186743463,
          -3.4561752905756,
          -1.1547338146659538,
          -1.7633200605775305,
          1.5498126755516797,
          1.5193345457395995,
          -0.7929218048974593,
          -5.369579980747022,
          -1.2659528436109073,
          -0.7549587495437889,
          -0.3842758938394508,
          3.3969209698770686,
          -0.7582227281151802,
          -4.896312119309334,
          -0.1046617088110315,
          -2.195472015407488,
          -1.212924209980091,
          6.203809623725381,
          -0.41672158036239093,
          -0.9890952316907929,
          -0.26437364610861763
        ],
        [
          0.9166528802781749,
          -0.38079206177619196,
          -1.3195858627449375,
          -3.4470852422175784,
          -2.246046392413261,
          -1.124306849554718,
          -1.3974924275962812,
          0.5558607263854413,
          -2.0479457492312894,
          0.2844446548350932,
          -0.7060147445869082,
          0.3397614474531533,
          -0.3113990967336198,
          -0.154331148420127,
          -0.8744244282487016,
          -0.1387158418975538,
          -1.4289084335527735,
          -0.5926394117449644,
          -1.2429082538437175,
          1.2381451650308128,
          1.0367892017035134,
          -5.655254837738471,
          -1.9379198495604162,
          -6.658478613900651,
          0.5712423461261471,
          0.9612984395006514,
          -1.9260085533972688,
          7.05829290423994,
          1.5859520466244863,
          5.853910078994298
        ],
        [
          0.34419474807887024,
          0.326762538907559,
          -2.595087651979947,
          0.8565354373271551,
          1.5411590335409742,
          -0.7111173065017045,
          1.0404089430232133,
          0.7611578943048309,
          2.5037762578870266,
          -7.811884444580608,
          -4.947690629937323,
          -4.115629393545187,
          0.5209446152168747,
          1.3899278582760737,
          -2.2771614117999146,
          6.555654188640164,
          4.559612925522222,
          5.129200629230559,
          -0.22068022541926022,
          -0.7312172873289395,
          1.7729481890877674,
          -4.338936809334484,
          -4.110333823842093,
          -2.7877505349178566,
          -0.8841414310738261,
          0.27789490211411755,
          1.3399118495611206,
          -0.01967620722709789,
          -1.5512667119887298,
          -0.7499030107677896
        ],
        [
          -2.1641014955442595,
          -0.8599210808661468,
          -0.3393032115808674,
          1.6929120513513902,
          -2.6217667246932,
          4.328919913966269,
          -0.32348068161021304,
          -1.7115478092180414,
          -1.4449328824004442,
          -0.5430544725720362,
          -0.8192854533446228,
          4.5237100020842265,
          -1.559763680972376,
          2.673455116552906,
          -2.549638159112466,
          -0.11076116920620112,
          -1.0117334848708286,
          3.7375470227244456,
          1.5185049297132178,
          0.3162298680172944,
          -2.147184392799271,
          -0.28682839193373616,
          -4.764420749456672,
          4.698203900648297,
          -1.1139900014558672,
          -1.6979655333022559,
          -4.237174522951511,
          -1.4145389227579754,
          -2.8376699001790793,
          1.6635046226179167
        ],
        [
          0.18285461782110238,
          -0.6977105317123836,
          0.6762489335827455,
          0.420840003819867,
          -1.3984770409425369,
          -2.173119191482702,
          0.20017463831691093,
          0.5108525714920672,
          0.28667341595478774,
          -0.2813639260246899,
          0.6318249428686564,
          0.15627301232163496,
          0.763139966378308,
          0.9712926897583715,
          6.952170366627533,
          6.784236437604432,
          -1.8821698968995706,
          -7.87412430346024,
          -0.74259406554381,
          -1.2855606051478565,
          -9.195242209360346,
          -8.512797029486762,
          1.1832427089605526,
          5.2685516215207935,
          0.27439173660743216,
          -1.80840485673528,
          0.7814739016264773,
          0.11225631064539841,
          -0.0073869681252857426,
          0.03269699941742396
        ],
        [
          -2.3175605975378457,
          -1.0826494380673284,
          -3.1271921046327287,
          -4.263937694412535,
          -1.9048749157617746,
          1.3097132760190942,
          2.402909951780568,
          -4.901824089767024,
          -1.3727849243797419,
          1.2651853993318005,
          2.637714332336243,
          -3.4902316644242997,
          -0.01594236125790243,
          1.6232400562701172,
          0.755518324617433,
          -0.6259549578828584,
          3.3382720092864386,
          -3.5242428790457194,
          -0.6766682462498425,
          -0.6430906563369753,
          -0.19924920160525764,
          -0.37112909769962477,
          0.6366067336990344,
          -1.3172393604506454,
          -1.3724185284757635,
          -2.4603489971031363,
          -0.26680462491744816,
          -0.7910595478279902,
          0.2936272621007163,
          -0.4633028117424702
        ],
        [
          0.7343319938243554,
          0.017547374927983788,
          -2.266788385413809,
          1.6242683722646072,
          1.9448966798764942,
          -3.3009521909580255,
          0.2511205704960567,
          -0.3245451967994174,
          0.21700203604093574,
          0.30973702925048535,
          0.3467723454583009,
          -0.043059959660228915,
          0.15365289917103409,
          0.23991218810534753,
          -3.832899469218313,
          1.8616448889694,
          2.9964870053146497,
          -4.466402902125241,
          0.21931629844921727,
          -0.9447269924755008,
          2.6498808997271275,
          -2.1248087051558966,
          -2.7668473886659877,
          3.2468388817890896,
          -0.05330163891705829,
          -0.3818414910165161,
          2.7166984580146485,
          -1.1287379152652366,
          -2.5704124753020925,
          3.530455704927132
        ],
        [
          -0.1427168033804972,
          -2.1336893426355945,
          0.14690299594250522,
          -2.2503640118647006,
          -0.34749383554050073,
          -1.4903281740051801,
          -4.423396647434139,
          -2.548889589816574,
          5.181063143206726,
          2.414535033810786,
          1.1493635674393345,
          6.266502371169259,
          -0.9878035167743852,
          -1.4622497001607495,
          -2.0775874017977993,
          -4.913040044630506,
          -0.2990314136775726,
          2.152501425633523,
          -0.7039187590078722,
          1.6326529800120926,
          -1.5752720075681095,
          -1.6896876580743996,
          -1.5387338626066984,
          0.9193377914419202,
          -1.3387020519764474,
          -1.3187376021101613,
          -3.320795267564812,
          -0.537287041251853,
          -0.9998945362700944,
          0.4044818929304534
        ],
        [
          -0.30796367843018435,
          -0.4721744562700158,
          -0.02614793250125373,
          0.178415107392554,
          0.026756200245256292,
          0.055971785603075634,
          0.4296513575046301,
          0.07999120678492933,
          6.3418873859079445,
          0.8590283747202196,
          -1.3736786124406157,
          7.472888386231622,
          0.1530500571609943,
          -0.10939996410300233,
          -0.08742987944844771,
          -0.8765413613402535,
          -0.10399877695439927,
          0.8300437429766794,
          0.1429539532145054,
          1.1547188516874467,
          -7.069106294726227,
          -1.2563909990555553,
          1.5849797648103845,
          -5.898032487353463,
          0.7068492446238877,
          0.13703463348715414,
          -2.7477969474813353,
          -0.22590408568391337,
          -1.1905428127100834,
          -2.5306423314038202
        ],
        [
          -0.966797337650463,
          -1.4571769802763959,
          -4.001752997032563,
          1.9931766483013127,
          4.776948835882991,
          -4.071455583456278,
          -1.6904393664659332,
          1.2575943046881397,
          -3.687504857461376,
          1.400484186864726,
          5.22041951303282,
          -5.323163211671937,
          -0.03501730837137821,
          -0.9349751301753297,
          2.8718663832217697,
          -3.1818634588864203,
          -6.84213540948282,
          5.399288484739934,
          -0.4347822811090812,
          -1.0568168461670908,
          0.23025108901994484,
          -1.3446450631590705,
          -0.40845915661657634,
          0.6661929223135858,
          -0.31932540983816354,
          1.6356518981003871,
          2.795134645782869,
          -3.270017691225017,
          -2.4227897275809758,
          4.035440657845338
        ],
        [
          1.0235198447088283,
          -1.8618054129449635,
          -2.662351030178806,
          3.215812975765238,
          0.3371386169946501,
          2.843783616411374,
          -1.6128699481545117,
          1.0270600534817795,
          -1.658514204452774,
          4.704380114110675,
          -7.224510875732316,
          -0.12853680467466558,
          1.144048393948474,
          -2.516969961803532,
          -1.3072261338127409,
          4.841881393869592,
          -1.5904423219076282,
          0.3828707327663225,
          -1.8492121985625818,
          1.6802024602007557,
          -3.8411096781127125,
          -0.021861001159670317,
          -0.22041983276820243,
          0.4242583147872573,
          -2.234873669609264,
          -0.831906932638852,
          -2.374600814823629,
          -0.08799382780381647,
          -2.4486901490848227,
          0.4563411491158848
        ],
        [
          0.1822971274750705,
          -0.34698607282525656,
          0.4864858357233965,
          -5.335243571272319,
          -0.17745377222707967,
          -0.42023146756756286,
          -0.15419028553483186,
          0.10135788968147236,
          -0.08518942596637073,
          -5.125838254883278,
          -0.33088474694091075,
          0.10356394384185605,
          -0.3096819157891621,
          -0.2576781894435788,
          0.198172755572061,
          -4.903724778088367,
          0.3339826284048657,
          0.2929763145270434,
          -0.014668457091445373,
          0.20649084933947315,
          0.6621738485407805,
          -4.786228090250612,
          0.19951052630521354,
          0.16992207611814694,
          0.3103678145569939,
          -0.23275166041515064,
          0.004386991577484241,
          -4.8709016526802795,
          0.3514622201993533,
          0.4237760121352358
        ],
        [
          0.8621193852674424,
          -0.844542452178787,
          -5.178787902518937,
          -1.6989864394298815,
          0.9722025970761615,
          -0.9450369514786704,
          -1.7310921372551238,
          0.07870648419247311,
          -2.9341525433309874,
          0.1619370773378524,
          1.0743407356593886,
          -1.085983934178677,
          -0.21526364526936848,
          0.061994053907867865,
          -3.1155402750020147,
          -0.06792525529451392,
          1.2633790484517615,
          -1.0783898230875426,
          0.056341208845492326,
          -0.32973444644056094,
          -2.545063540336671,
          -0.6862756689552353,
          1.3451563679097562,
          -1.156579189848153,
          1.012467489208793,
          -0.961693181267175,
          -3.4328726294455447,
          -0.5717136208159349,
          2.050704407233195,
          -0.29542454270165086
        ],
        [
          -0.4250829169725722,
          -0.8112811580975694,
          1.0273232237767074,
          1.236664781568361,
          -1.1068955497961672,
          -1.6037119257301482,
          -0.3721468355598388,
          -0.306157302611183,
          -1.680744419330209,
          -3.23708296724578,
          0.7061460783557021,
          0.4850712579979934,
          0.13461233178003565,
          1.1644168794479905,
          -2.934455532952512,
          -2.820449636640319,
          2.462150274489285,
          1.6612934650857019,
          -1.0192493318599969,
          0.28220344898825345,
          3.764108529234571,
          3.5104790761702906,
          -3.084268512922019,
          -0.8088628909365103,
          -0.6474311757170043,
          -0.038016226900126855,
          -2.4602722594962625,
          -4.263828922792174,
          2.1455806699404523,
          1.3050504714763926
        ],
        [
          -0.6538373128046292,
          0.5312919484846111,
          1.074904392103486,
          1.3063802877366304,
          -3.6579715078047683,
          3.0242677379879455,
          -3.7140427372527722,
          -0.2553717929982633,
          1.9439280775313783,
          -0.8610207479357321,
          1.7167884269654758,
          -1.243837529655653,
          -1.323793499102,
          -1.6621860762459708,
          -2.1946593153264584,
          -5.775084437402427,
          2.722756849904831,
          -2.528039342028815,
          -1.1266498513676504,
          -1.662477113941594,
          -1.2746964114364514,
          1.1392821591573947,
          -0.2411599436315419,
          2.222422569215859,
          -1.037729938844332,
          -0.8329218263987893,
          0.13166406752238125,
          5.264951670145737,
          -1.4565728614686189,
          3.8065354456612472
        ],
        [
          -0.360066282502609,
          -1.02023601584506,
          -0.628558179185136,
          -0.9362465913512826,
          -0.15266518745000407,
          -1.1116965655071185,
          0.16806578095659291,
          -0.592026637986913,
          -2.872305119790205,
          -3.9676316882307785,
          -4.264440986870795,
          -2.4708001691533004,
          -1.3318832704571635,
          0.6740667051315129,
          -1.3719517981169846,
          -1.445342325261478,
          1.2972969590650854,
          1.1286470435172469,
          -1.1227708163824504,
          -1.2539458466077178,
          -2.719532159167755,
          3.6024383811687297,
          -11.467744960041767,
          3.7966288194663194,
          -0.48149935805191696,
          0.447570225357742,
          0.006029916065471896,
          -0.3626880304469109,
          -0.9851249012290401,
          0.2112844125273746
        ],
        [
          -0.45086974711896516,
          0.1108216251572928,
          2.5247960275355985,
          7.788662781747322,
          5.796747855991311,
          7.125582965015513,
          -0.536598776269219,
          0.16734031647040443,
          -0.6921995766693947,
          0.2687715472046482,
          -0.6171964219451114,
          -0.6195231750408805,
          -0.2625276375335969,
          -0.215537519946228,
          -3.451020450190842,
          -6.9652075972346825,
          -5.29198502241339,
          -8.506147615647183,
          1.2374340317375088,
          -0.7619310776496705,
          0.11214674100933433,
          0.14270488852825958,
          1.1293854005012773,
          0.025536046780400067,
          0.5735026015690446,
          0.5864865541207881,
          0.0343748407725351,
          0.3500084961335999,
          -0.07235636353056077,
          0.5691781075066172
        ],
        [
          -5.477855402569431,
          4.461442648467697,
          -0.3040037780017669,
          2.094591740933055,
          0.8056251828774713,
          -0.4941948500949923,
          -1.140337166597672,
          1.2898026970031786,
          -3.7132638242152636,
          -2.217559143696604,
          -4.88220185693512,
          3.1574913879089936,
          -3.782775193656964,
          1.291873512541678,
          2.0625186542067184,
          -1.3099973635485724,
          0.54992289189055,
          -1.4954363497313026,
          -1.28083598798046,
          4.11129169024137,
          -1.7897332767640972,
          -2.03503878214639,
          -0.6060292618678205,
          -0.63016075675334,
          -6.341720473423742,
          1.7234787191716754,
          0.46800447476646717,
          -0.8209908024999012,
          -0.2573713453257983,
          -0.09028745161853112
        ],
        [
          0.4139106948908337,
          0.3220128204022813,
          -7.54981770019922,
          -11.31234563524812,
          6.061140530720857,
          6.611016624396565,
          0.05094599852633069,
          -0.7790859724568182,
          7.416672700009197,
          11.543402627773752,
          -6.407262789848578,
          -7.191949017324894,
          0.37416598700791515,
          -1.6371516244422422,
          -0.2880361690065367,
          -0.2259850134480282,
          -1.2391772083864492,
          -0.7630184201045579,
          -0.08886099287904213,
          -0.45419622899682527,
          -0.11862490371914654,
          -0.21501255796062746,
          -1.49178247665864,
          0.1253432254267557,
          0.42216103954515843,
          -0.10696512465816978,
          -0.4445734429723778,
          0.026139374699406772,
          -1.1051863284529226,
          -0.22692895208122235
        ],
        [
          -0.886089682581004,
          -3.991464478209123,
          -1.0542227766925962,
          -0.9948872447771866,
          3.8680208909297127,
          4.788412278053106,
          -1.5801198133330858,
          -3.7527258210546948,
          1.5610910795627648,
          3.83003955556076,
          -2.39307543647706,
          -2.974687783383153,
          -1.7743376953746282,
          -1.8190200203445261,
          2.012634496151166,
          -1.1190249291289653,
          0.318568114031382,
          0.8173373546676094,
          -0.6065483005460539,
          -6.001064542701134,
          0.8016250502100382,
          -2.9324867058809785,
          -4.510999170577307,
          -1.165839306254177,
          -2.7502138760681434,
          -3.7788468564145745,
          -1.4204927798695821,
          0.9046609945766091,
          1.2882369381816035,
          -0.8423009861995072
        ],
        [
          -1.1606746404034805,
          -3.0941720267401323,
          1.795894862834129,
          5.884761201470032,
          2.335999430195002,
          -1.6480426391133247,
          -7.228755486710353,
          0.6197763048542118,
          -0.00422600919930921,
          2.50940461431722,
          1.755654755796653,
          1.0873295627668806,
          -0.5389558807144295,
          2.6486914358786966,
          3.6958818727162064,
          8.686768435399223,
          1.3130544170455218,
          -0.5158549610999472,
          0.8196609837131488,
          1.2445448647241675,
          -1.5244006621968553,
          1.2034040833676334,
          1.5426753844174756,
          1.6071095498466161,
          -1.935574188196073,
          -1.9134632532372964,
          -1.3088882802943098,
          -4.072358941338936,
          0.7270494736270413,
          2.186171054409419
        ],
        [
          0.5350384097920273,
          -0.16443450930389428,
          -0.9607993637749641,
          -2.3071752945574784,
          0.6233235532714494,
          0.9137335677747848,
          -0.543006769103129,
          -0.1911278488015994,
          -2.963987121290754,
          -4.02623859426715,
          1.7092621405249822,
          2.696907182363762,
          0.2852054055321827,
          0.2603268667040378,
          1.550821497888228,
          0.6734418738402796,
          -1.030072437762276,
          -0.2427193689683502,
          0.2921358015829726,
          0.20215743873127223,
          0.6267655797562116,
          0.21167032149348344,
          -1.0081389695788896,
          -0.5899530496645425,
          -0.20497035498618954,
          -0.31906427868721465,
          1.347127018084722,
          2.6045264470965375,
          -1.4274822645465006,
          -2.632824704705128
        ],
        [
          0.6494308849095748,
          -0.02869341024650259,
          4.96302872068338,
          3.057529915543211,
          2.5661187551379223,
          -4.595059184564006,
          0.6375476412425636,
          0.11997928014092198,
          -0.6342182378084529,
          -2.3578350835680686,
          0.23203963549981893,
          -0.6473023972733728,
          -0.3015542614749822,
          0.3385718836518239,
          -3.4644132037073123,
          -2.856773776413992,
          -2.926279501782315,
          4.184652254599996,
          0.23985398928781893,
          0.5571448939832058,
          -5.729678242119197,
          -4.456409219661214,
          -2.4902655770012667,
          3.0490765335407546,
          0.7551124897369265,
          -0.38728677981775605,
          1.2515091566534395,
          1.245576657150754,
          0.4069674697147793,
          -1.185044496162726
        ],
        [
          -0.18408223529557066,
          1.055850502783765,
          -3.540565008022904,
          -1.9510656997226572,
          0.3347631967739383,
          -0.5027091450995987,
          -1.370725725632236,
          -0.0978205560628976,
          -2.5828910758435404,
          -4.321204671220893,
          1.6465357603433788,
          0.7264510911666048,
          -0.772776473227055,
          -0.11542125424634919,
          -4.537136323545597,
          -4.928456198752886,
          0.13802928883261875,
          0.9800979813580687,
          -2.126271671087292,
          -0.9385723257357433,
          -4.8660583179325725,
          -6.001131301980617,
          2.0271887014839622,
          0.34514130200127124,
          -1.3354289580022203,
          -0.7600160806159498,
          3.426323936898759,
          1.929343489003746,
          -1.23734510997443,
          -0.004291314936635413
        ],
        [
          2.06039026789732,
          1.735369961716078,
          -3.247890381700984,
          -4.394048350410457,
          2.447834711630961,
          -5.8397428069162425,
          -5.413397516985569,
          4.081537956882121,
          -3.9072958291551227,
          1.4424347945456604,
          -3.7851210402839404,
          -4.457824616013832,
          -1.5374619968809058,
          4.049414310118677,
          -3.9237377966554936,
          -0.8486157762934844,
          1.4713906186945132,
          -2.1983239009219075,
          -2.269814002692968,
          1.64751707838425,
          2.406049529309992,
          1.7625706049312304,
          -1.8849055526515301,
          2.8325717048441708,
          -1.0448741311438388,
          4.684372379653823,
          -3.671661766013564,
          -2.8941545657037793,
          0.5587152028969576,
          -1.758761373735051
        ],
        [
          0.33178243146939934,
          -0.3094705464026835,
          -0.6277628267050749,
          -1.4701612811145939,
          -2.81328900856844,
          -3.275826583649253,
          0.3433261711755979,
          -9.998832926036581E-4,
          -0.6360885303251141,
          -0.8595822222792284,
          -1.1821676442725346,
          -0.0017236887573894922,
          0.3112236674780777,
          -0.09406042660695509,
          -3.3438083990250194,
          -6.935222032587798,
          -6.295145157831365,
          -5.000501712447308,
          -0.13879354031719787,
          -0.18450116007315184,
          0.6060082548313341,
          2.614461174967673,
          1.5746365806624623,
          2.0996950434329014,
          0.27265515925911493,
          0.8342900136244937,
          3.307642300129325,
          6.626637733886596,
          5.038278779060162,
          5.015234470532136
        ],
        [
          3.112538649869185,
          1.2660822351672067,
          -2.7371643680150526,
          -5.198606394368524,
          -5.780546823091883,
          2.4000665668326437,
          1.5813183301565552,
          2.95012370578642,
          -2.131721939044734,
          -0.22151079461803042,
          -0.3663651863921756,
          0.5820528094652724,
          2.1143863412264645,
          -0.7873854699422002,
          0.8140792938251505,
          -1.440215160315393,
          -3.123921017245833,
          -1.861795170437003,
          6.157814258410699,
          3.0534092435138604,
          -3.250750367209269,
          -5.065737373021389,
          0.05724602945557952,
          -2.520133376447592,
          2.016137044870259,
          -1.8674211769771945,
          -1.8722840215136853,
          -2.3432906297637923,
          0.36715321525055733,
          -0.8382830681099781
        ],
        [
          -0.7939808050790569,
          0.1846931622197328,
          -4.934614562397877,
          0.4599879352450404,
          -2.717951812592811,
          3.0670714384903506,
          -1.567548414099793,
          0.016111831128846392,
          -4.346664505707221,
          1.706671106171696,
          -3.291394992433292,
          4.110863967358571,
          -0.5329773578148381,
          0.2663771825405045,
          -0.9323155591516376,
          0.5202268065382372,
          -1.8588832270935467,
          1.1962816710744162,
          -1.7396599117606202,
          -0.04504910670514067,
          -1.9269201233960447,
          0.7041074400334345,
          -2.369518554694896,
          1.2212752632933517,
          -0.2998630950028046,
          -0.7772099367870205,
          6.954587722009481,
          -3.7662568447289932,
          4.016814286260976,
          -9.093692103683756
        ],
        [
          -0.6838206377923706,
          -2.802359468459765,
          -4.958327915170099,
          -2.076860751188635,
          -5.533496647568665,
          -0.18918310696298007,
          0.503509889838946,
          1.4988814991956032,
          -1.456908196936244,
          0.8014771076289107,
          -2.494673938476019,
          -0.9980712197206618,
          0.5028012908212888,
          1.1782481684525246,
          -0.795729850709165,
          0.9990966648433094,
          -4.098879043146088,
          1.352691919298158,
          0.553673663026855,
          1.0416121109588377,
          1.2602091018778578,
          0.425523462115148,
          -1.5550231851504872,
          -1.7576176308196438,
          0.26336542345242564,
          1.307112994929068,
          2.7965630575173335,
          0.7486607138169745,
          1.3538132718447449,
          0.23308880306716948
        ],
        [
          -1.5021643397939413,
          -4.122314045584408,
          -2.6570731610840355,
          -3.691814948514268,
          -1.0896673766167044,
          -1.9548601856529464,
          -1.045634389438672,
          -2.355123574758228,
          -2.6790532108775618,
          2.9604120496071116,
          -3.1051134374325864,
          -1.208667048654973,
          -1.743761746333782,
          1.3830684873098276,
          -6.216643955317238,
          3.0628065829506284,
          -0.010051964799656548,
          -1.7115299387128091,
          -0.9734897456483824,
          -1.1761728223127788,
          4.304564923415151,
          0.1728226043237183,
          2.4511726485728147,
          0.9131393715170613,
          -0.49377687940839654,
          -3.7005724072243145,
          0.6546045835036967,
          2.4909391418966655,
          0.19866919709868153,
          -3.0787093508124252
        ],
        [
          0.01724949106551828,
          0.25530050291736606,
          10.578367878865205,
          6.408652557998323,
          9.857917933699,
          5.316233165989861,
          0.07135290553598937,
          -0.12762162040490752,
          -0.3837121442631573,
          0.47792750263327105,
          0.3098461674355854,
          0.23933137763813572,
          0.5273826788108423,
          -0.43215183163821885,
          -0.6561585671707952,
          -0.0017175515398074456,
          0.45756966210295547,
          0.0579361487552882,
          -0.4087162313323358,
          0.16642154222978178,
          -0.9581454103969195,
          0.0481174790515356,
          0.6839145388938498,
          0.24948471639085132,
          0.218435266870277,
          -0.3000151032222606,
          -11.554442114561917,
          -5.710598590455393,
          -9.50176673226381,
          -5.508205226213679
        ],
        [
          -0.7344547990524337,
          0.2244663378426404,
          -1.5983716782269155,
          0.7975004312870554,
          -2.4948119936261284,
          -2.2287668577023347,
          1.0003247411605507,
          -0.8908281132334768,
          -0.1304178040827918,
          3.1028594835485275,
          -2.066273078628136,
          -2.624722655250141,
          -0.686446558843095,
          0.4915065913948647,
          2.46997475278126,
          5.161204216322129,
          -2.6585572948320113,
          -3.1241119404545263,
          -0.5729735865964297,
          -3.047225100431201,
          1.5505247080892532,
          3.611983280762201,
          -2.390215700703606,
          -0.8040482007406127,
          1.3351730759340035,
          -1.1721963828184327,
          -0.3549540639779994,
          4.626545128394957,
          -3.443414422695315,
          -1.2973780884866817
        ],
        [
          0.5342789338794275,
          0.7476595834818975,
          -3.55792070330925,
          -3.1830373555994202,
          -3.576352459305864,
          1.3377236187045414,
          -0.4975732851995683,
          -0.42518060210476094,
          -3.212625028434291,
          -2.936873639312804,
          -4.619997416702284,
          1.7799065237420562,
          0.6742152064861895,
          0.3138693158277269,
          -0.6167046781990123,
          -3.058656483276868,
          -3.1062028930646797,
          0.4355179661234916,
          -0.1406858305168881,
          0.09467178870375051,
          -3.2882400090172017,
          -3.5435767466040597,
          -3.742621232778443,
          -0.3475309873588157,
          0.6140330031774214,
          0.2070297031477344,
          -3.774215978592745,
          -1.6665497010780306,
          -4.239307362243118,
          0.2459734112792512
        ],
        [
          0.3803836406433265,
          -0.4454318516887934,
          0.1192121773850641,
          0.5533361592087976,
          0.060444914834787776,
          0.44865967238325477,
          -0.501906742588439,
          -0.7739780793583009,
          0.7999766724419777,
          -10.889109020031276,
          -6.350273123296461,
          -7.680434889518616,
          -0.9161642624288433,
          0.016460670953215236,
          -0.1796496639749895,
          -0.3353920228821162,
          -0.790045063245107,
          -0.24705910668364253,
          -1.2848039736922752,
          -0.8972650685062694,
          -0.6044386360195806,
          10.800624744831811,
          5.473008793185661,
          7.241077383147013,
          -1.2217104927129985,
          -0.6418176613869648,
          0.010966437702462658,
          -0.30820080970369595,
          -0.622907272123494,
          -0.13782130373219967
        ],
        [
          -0.2209893179549825,
          0.4172658639066936,
          -4.218521950333408,
          6.2793723669272925,
          -7.587720971395833,
          5.843851695470478,
          0.11856197280569715,
          0.1071343782692057,
          -0.10682498354169731,
          0.6672884269861876,
          -1.1469432047704353,
          1.4782222550113833,
          0.12598755010549234,
          0.8294825022026616,
          -0.507771701921932,
          -0.951041242273525,
          -0.10976166003812589,
          -0.8894817625427557,
          -0.23687939020328413,
          0.8252014955049752,
          3.5741504480856903,
          -6.777778152894197,
          7.9307324336531035,
          -5.475527654160626,
          0.166388331178489,
          -0.38052977192759657,
          -0.7167412465442389,
          0.12427935696387261,
          -0.03249995113530122,
          1.0490768967411281
        ],
        [
          -0.7617378755831153,
          0.1412877221461691,
          -2.3627990067608082,
          -1.5419923254427377,
          -1.3208739702459409,
          -1.726218642989473,
          -0.98490881133451,
          -0.42281736796796116,
          -3.1347078797698154,
          -1.89247064090996,
          -6.426911783024981,
          -3.7748187529340522,
          0.0388063780198029,
          -0.13639877361725622,
          -3.797409344453443,
          -1.587082049477332,
          -3.3914587214135463,
          -3.1423197723877108,
          0.7082082456235871,
          -0.9573751983109889,
          -1.7743207130598735,
          -1.4283694229010375,
          -1.4181667931683652,
          -1.6461503056002305,
          -0.6160501221347867,
          -0.029304604711494694,
          -2.436733436352196,
          -2.1917819365536735,
          -1.5400193412691967,
          -1.0904085701138848
        ],
        [
          2.5052437886692966,
          -2.145087981632718,
          -0.5800138124071146,
          0.34409386779527606,
          -2.125316258128153,
          2.0586017288206557,
          0.08011664944453097,
          -1.9627710285373103,
          -2.7335651182577836,
          -6.641149705890342,
          -5.95223144408152,
          1.8849079957274193,
          1.085022504716319,
          -0.4661293274313532,
          0.35267794044193723,
          0.058922030820831715,
          2.6604001654744724,
          -1.7340608046022752,
          1.2592156448031275,
          -3.169974415658816,
          -1.7722925991460614,
          2.933390476796955,
          -5.514772814852528,
          -3.3546424505765087,
          -1.152872742181877,
          -2.118956847378124,
          1.4178207317898595,
          0.09916796362320504,
          0.2144926186550804,
          1.768741408435723
        ],
        [
          0.6570155015436857,
          -0.09205267654318687,
          -2.494325442477577,
          0.18763469597173799,
          -1.7508484234881008,
          -0.44355553579135176,
          -0.7442697768804342,
          -0.008189347097032267,
          3.7406583161370626,
          0.8468036672660801,
          3.895310893955502,
          -1.8010973294711368,
          -0.518324474335429,
          0.3697242040392069,
          -0.3075079937318724,
          -1.5581454189474835,
          1.5933862021041536,
          -1.3369994324641359,
          -0.2103737065682703,
          -0.6915059067832214,
          -2.7868184532513656,
          -0.9305677969866127,
          -1.3001756358208305,
          0.412444894913922,
          -0.06636121456764188,
          -0.2142369174324442,
          6.5617473269294155,
          -0.5261285638602714,
          -7.592649326483031,
          0.5137938060208141
        ],
        [
          0.023550723356978286,
          0.34963209993595096,
          3.6838691416498364,
          0.7328054183122705,
          -1.226832616216191,
          -2.5419203684791127,
          0.15655523239528374,
          -1.899825956946035,
          4.9844700658228485,
          -0.4772219408587687,
          -2.9012809391936325,
          -2.930189172952419,
          0.453424230079998,
          -0.2482230239725342,
          2.8724339700201353,
          1.2085605795290295,
          -0.2482481287270677,
          -1.6270816486534678,
          0.267246815463492,
          0.10640882316774736,
          1.6635558860130886,
          -0.003705486873127228,
          -1.4004335332474347,
          -0.8048710001878671,
          -0.38097419793125026,
          -1.2035020818489517,
          3.7707875830328654,
          0.7649510048384012,
          -3.244243699704419,
          -2.1474995603293188
        ],
        [
          -1.4731057838004562,
          2.6038739852460395,
          0.3386400074702027,
          0.11403725193773619,
          -4.036939680857371,
          1.7507325062705763,
          -0.781560498575077,
          -1.9055875211403386,
          -3.137681708407488,
          0.16447478976148128,
          -4.121525753366076,
          -1.2197347731081138,
          -2.7688337997029033,
          -3.5259190006568257,
          0.20151054096983728,
          -1.0415379402812908,
          2.2854811271726616,
          1.5377416186349804,
          -1.608340374401988,
          6.058797660163102,
          -2.6411763227844665,
          1.6935953381919755,
          -0.06250630541100984,
          -4.135827250630929,
          -0.9383200966571519,
          -1.1656351004947065,
          -1.077826740974181,
          1.8194799919212157,
          2.817981693521143,
          -0.3309926501554161
        ],
        [
          -5.3353512295108505,
          -1.0806396025735012,
          -0.6562396538360264,
          -0.5719589907270535,
          0.199694562743189,
          -5.01766250258568,
          2.1861801535464687,
          -4.673936542108431,
          -1.9279552150066672,
          0.11968560358039079,
          4.194020063948089,
          2.5442630694404476,
          -2.347527899707984,
          -1.233798377107657,
          4.039500114799475,
          1.4383646266076817,
          2.3404222158288177,
          -2.1206252614172585,
          1.0082440611608623,
          -4.026407322718217,
          3.3167971112023014,
          1.5574604047990783,
          -1.4348386176354744,
          0.6940695041773106,
          -1.1413330887427768,
          -4.0489990532182505,
          -2.1130761256180866,
          -1.0235584327672658,
          -3.7387636158805395,
          2.696976356265285
        ],
        [
          -0.23626530716455357,
          -0.6485185652822572,
          2.797329654987444,
          -2.976456696709595,
          -3.1572114905424926,
          1.8897388266282413,
          -0.226573826560007,
          -1.3388052010624292,
          -4.199040630249232,
          1.1036262864449267,
          2.7025802947614572,
          -2.9084097260738027,
          -0.8223739995623074,
          0.2441682130805138,
          -2.423135695607109,
          1.1783186031945656,
          1.6735625775871594,
          -3.809266045263082,
          -0.8095838151549528,
          0.9130312515914584,
          -3.32055948467331,
          1.9722889895173643,
          1.2598615849473207,
          -2.7391674884676176,
          0.6999788440458792,
          0.5461044022146156,
          2.0615551362568323,
          -3.5252028084833307,
          -3.5388220949932796,
          3.4386179803232007
        ]
      ],
      "nablaW": [
        [
          0.0,
          0.0,
          0.0,
          0.0,
          0.0,
          0.0,
          0.0,
          0.0,
          0.0,
          0.0,
          0.0,
          0.0,
          0.0,
          0.0,
          0.0,
          0.0,
          0.0,
          0.0,
          0.0,
          0.0,
          0.0,
          0.0,
          0.0,
          0.0,
          0.0,
          0.0,
          0.0,
          0.0,
          0.0,
          0.0
        ],
        [
          0.0,
          0.0,
          0.0,
          0.0,
          0.0,
          0.0,
          0.0,
          0.0,
          0.0,
          0.0,
          0.0,
          0.0,
          0.0,
          0.0,
          0.0,
          0.0,
          0.0,
          0.0,
          0.0,
          0.0,
          0.0,
          0.0,
          0.0,
          0.0,
          0.0,
          0.0,
          0.0,
          0.0,
          0.0,
          0.0
        ],
        [
          0.0,
          0.0,
          0.0,
          0.0,
          0.0,
          0.0,
          0.0,
          0.0,
          0.0,
          0.0,
          0.0,
          0.0,
          0.0,
          0.0,
          0.0,
          0.0,
          0.0,
          0.0,
          0.0,
          0.0,
          0.0,
          0.0,
          0.0,
          0.0,
          0.0,
          0.0,
          0.0,
          0.0,
          0.0,
          0.0
        ],
        [
          0.0,
          0.0,
          0.0,
          0.0,
          0.0,
          0.0,
          0.0,
          0.0,
          0.0,
          0.0,
          0.0,
          0.0,
          0.0,
          0.0,
          0.0,
          0.0,
          0.0,
          0.0,
          0.0,
          0.0,
          0.0,
          0.0,
          0.0,
          0.0,
          0.0,
          0.0,
          0.0,
          0.0,
          0.0,
          0.0
        ],
        [
          0.0,
          0.0,
          0.0,
          0.0,
          0.0,
          0.0,
          0.0,
          0.0,
          0.0,
          0.0,
          0.0,
          0.0,
          0.0,
          0.0,
          0.0,
          0.0,
          0.0,
          0.0,
          0.0,
          0.0,
          0.0,
          0.0,
          0.0,
          0.0,
          0.0,
          0.0,
          0.0,
          0.0,
          0.0,
          0.0
        ],
        [
          0.0,
          0.0,
          0.0,
          0.0,
          0.0,
          0.0,
          0.0,
          0.0,
          0.0,
          0.0,
          0.0,
          0.0,
          0.0,
          0.0,
          0.0,
          0.0,
          0.0,
          0.0,
          0.0,
          0.0,
          0.0,
          0.0,
          0.0,
          0.0,
          0.0,
          0.0,
          0.0,
          0.0,
          0.0,
          0.0
        ],
        [
          0.0,
          0.0,
          0.0,
          0.0,
          0.0,
          0.0,
          0.0,
          0.0,
          0.0,
          0.0,
          0.0,
          0.0,
          0.0,
          0.0,
          0.0,
          0.0,
          0.0,
          0.0,
          0.0,
          0.0,
          0.0,
          0.0,
          0.0,
          0.0,
          0.0,
          0.0,
          0.0,
          0.0,
          0.0,
          0.0
        ],
        [
          0.0,
          0.0,
          0.0,
          0.0,
          0.0,
          0.0,
          0.0,
          0.0,
          0.0,
          0.0,
          0.0,
          0.0,
          0.0,
          0.0,
          0.0,
          0.0,
          0.0,
          0.0,
          0.0,
          0.0,
          0.0,
          0.0,
          0.0,
          0.0,
          0.0,
          0.0,
          0.0,
          0.0,
          0.0,
          0.0
        ],
        [
          0.0,
          0.0,
          0.0,
          0.0,
          0.0,
          0.0,
          0.0,
          0.0,
          0.0,
          0.0,
          0.0,
          0.0,
          0.0,
          0.0,
          0.0,
          0.0,
          0.0,
          0.0,
          0.0,
          0.0,
          0.0,
          0.0,
          0.0,
          0.0,
          0.0,
          0.0,
          0.0,
          0.0,
          0.0,
          0.0
        ],
        [
          0.0,
          0.0,
          0.0,
          0.0,
          0.0,
          0.0,
          0.0,
          0.0,
          0.0,
          0.0,
          0.0,
          0.0,
          0.0,
          0.0,
          0.0,
          0.0,
          0.0,
          0.0,
          0.0,
          0.0,
          0.0,
          0.0,
          0.0,
          0.0,
          0.0,
          0.0,
          0.0,
          0.0,
          0.0,
          0.0
        ],
        [
          0.0,
          0.0,
          0.0,
          0.0,
          0.0,
          0.0,
          0.0,
          0.0,
          0.0,
          0.0,
          0.0,
          0.0,
          0.0,
          0.0,
          0.0,
          0.0,
          0.0,
          0.0,
          0.0,
          0.0,
          0.0,
          0.0,
          0.0,
          0.0,
          0.0,
          0.0,
          0.0,
          0.0,
          0.0,
          0.0
        ],
        [
          0.0,
          0.0,
          0.0,
          0.0,
          0.0,
          0.0,
          0.0,
          0.0,
          0.0,
          0.0,
          0.0,
          0.0,
          0.0,
          0.0,
          0.0,
          0.0,
          0.0,
          0.0,
          0.0,
          0.0,
          0.0,
          0.0,
          0.0,
          0.0,
          0.0,
          0.0,
          0.0,
          0.0,
          0.0,
          0.0
        ],
        [
          0.0,
          0.0,
          0.0,
          0.0,
          0.0,
          0.0,
          0.0,
          0.0,
          0.0,
          0.0,
          0.0,
          0.0,
          0.0,
          0.0,
          0.0,
          0.0,
          0.0,
          0.0,
          0.0,
          0.0,
          0.0,
          0.0,
          0.0,
          0.0,
          0.0,
          0.0,
          0.0,
          0.0,
          0.0,
          0.0
        ],
        [
          0.0,
          0.0,
          0.0,
          0.0,
          0.0,
          0.0,
          0.0,
          0.0,
          0.0,
          0.0,
          0.0,
          0.0,
          0.0,
          0.0,
          0.0,
          0.0,
          0.0,
          0.0,
          0.0,
          0.0,
          0.0,
          0.0,
          0.0,
          0.0,
          0.0,
          0.0,
          0.0,
          0.0,
          0.0,
          0.0
        ],
        [
          0.0,
          0.0,
          0.0,
          0.0,
          0.0,
          0.0,
          0.0,
          0.0,
          0.0,
          0.0,
          0.0,
          0.0,
          0.0,
          0.0,
          0.0,
          0.0,
          0.0,
          0.0,
          0.0,
          0.0,
          0.0,
          0.0,
          0.0,
          0.0,
          0.0,
          0.0,
          0.0,
          0.0,
          0.0,
          0.0
        ],
        [
          0.0,
          0.0,
          0.0,
          0.0,
          0.0,
          0.0,
          0.0,
          0.0,
          0.0,
          0.0,
          0.0,
          0.0,
          0.0,
          0.0,
          0.0,
          0.0,
          0.0,
          0.0,
          0.0,
          0.0,
          0.0,
          0.0,
          0.0,
          0.0,
          0.0,
          0.0,
          0.0,
          0.0,
          0.0,
          0.0
        ],
        [
          0.0,
          0.0,
          0.0,
          0.0,
          0.0,
          0.0,
          0.0,
          0.0,
          0.0,
          0.0,
          0.0,
          0.0,
          0.0,
          0.0,
          0.0,
          0.0,
          0.0,
          0.0,
          0.0,
          0.0,
          0.0,
          0.0,
          0.0,
          0.0,
          0.0,
          0.0,
          0.0,
          0.0,
          0.0,
          0.0
        ],
        [
          0.0,
          0.0,
          0.0,
          0.0,
          0.0,
          0.0,
          0.0,
          0.0,
          0.0,
          0.0,
          0.0,
          0.0,
          0.0,
          0.0,
          0.0,
          0.0,
          0.0,
          0.0,
          0.0,
          0.0,
          0.0,
          0.0,
          0.0,
          0.0,
          0.0,
          0.0,
          0.0,
          0.0,
          0.0,
          0.0
        ],
        [
          0.0,
          0.0,
          0.0,
          0.0,
          0.0,
          0.0,
          0.0,
          0.0,
          0.0,
          0.0,
          0.0,
          0.0,
          0.0,
          0.0,
          0.0,
          0.0,
          0.0,
          0.0,
          0.0,
          0.0,
          0.0,
          0.0,
          0.0,
          0.0,
          0.0,
          0.0,
          0.0,
          0.0,
          0.0,
          0.0
        ],
        [
          0.0,
          0.0,
          0.0,
          0.0,
          0.0,
          0.0,
          0.0,
          0.0,
          0.0,
          0.0,
          0.0,
          0.0,
          0.0,
          0.0,
          0.0,
          0.0,
          0.0,
          0.0,
          0.0,
          0.0,
          0.0,
          0.0,
          0.0,
          0.0,
          0.0,
          0.0,
          0.0,
          0.0,
          0.0,
          0.0
        ],
        [
          0.0,
          0.0,
          0.0,
          0.0,
          0.0,
          0.0,
          0.0,
          0.0,
          0.0,
          0.0,
          0.0,
          0.0,
          0.0,
          0.0,
          0.0,
          0.0,
          0.0,
          0.0,
          0.0,
          0.0,
          0.0,
          0.0,
          0.0,
          0.0,
          0.0,
          0.0,
          0.0,
          0.0,
          0.0,
          0.0
        ],
        [
          0.0,
          0.0,
          0.0,
          0.0,
          0.0,
          0.0,
          0.0,
          0.0,
          0.0,
          0.0,
          0.0,
          0.0,
          0.0,
          0.0,
          0.0,
          0.0,
          0.0,
          0.0,
          0.0,
          0.0,
          0.0,
          0.0,
          0.0,
          0.0,
          0.0,
          0.0,
          0.0,
          0.0,
          0.0,
          0.0
        ],
        [
          0.0,
          0.0,
          0.0,
          0.0,
          0.0,
          0.0,
          0.0,
          0.0,
          0.0,
          0.0,
          0.0,
          0.0,
          0.0,
          0.0,
          0.0,
          0.0,
          0.0,
          0.0,
          0.0,
          0.0,
          0.0,
          0.0,
          0.0,
          0.0,
          0.0,
          0.0,
          0.0,
          0.0,
          0.0,
          0.0
        ],
        [
          0.0,
          0.0,
          0.0,
          0.0,
          0.0,
          0.0,
          0.0,
          0.0,
          0.0,
          0.0,
          0.0,
          0.0,
          0.0,
          0.0,
          0.0,
          0.0,
          0.0,
          0.0,
          0.0,
          0.0,
          0.0,
          0.0,
          0.0,
          0.0,
          0.0,
          0.0,
          0.0,
          0.0,
          0.0,
          0.0
        ],
        [
          0.0,
          0.0,
          0.0,
          0.0,
          0.0,
          0.0,
          0.0,
          0.0,
          0.0,
          0.0,
          0.0,
          0.0,
          0.0,
          0.0,
          0.0,
          0.0,
          0.0,
          0.0,
          0.0,
          0.0,
          0.0,
          0.0,
          0.0,
          0.0,
          0.0,
          0.0,
          0.0,
          0.0,
          0.0,
          0.0
        ],
        [
          0.0,
          0.0,
          0.0,
          0.0,
          0.0,
          0.0,
          0.0,
          0.0,
          0.0,
          0.0,
          0.0,
          0.0,
          0.0,
          0.0,
          0.0,
          0.0,
          0.0,
          0.0,
          0.0,
          0.0,
          0.0,
          0.0,
          0.0,
          0.0,
          0.0,
          0.0,
          0.0,
          0.0,
          0.0,
          0.0
        ],
        [
          0.0,
          0.0,
          0.0,
          0.0,
          0.0,
          0.0,
          0.0,
          0.0,
          0.0,
          0.0,
          0.0,
          0.0,
          0.0,
          0.0,
          0.0,
          0.0,
          0.0,
          0.0,
          0.0,
          0.0,
          0.0,
          0.0,
          0.0,
          0.0,
          0.0,
          0.0,
          0.0,
          0.0,
          0.0,
          0.0
        ],
        [
          0.0,
          0.0,
          0.0,
          0.0,
          0.0,
          0.0,
          0.0,
          0.0,
          0.0,
          0.0,
          0.0,
          0.0,
          0.0,
          0.0,
          0.0,
          0.0,
          0.0,
          0.0,
          0.0,
          0.0,
          0.0,
          0.0,
          0.0,
          0.0,
          0.0,
          0.0,
          0.0,
          0.0,
          0.0,
          0.0
        ],
        [
          0.0,
          0.0,
          0.0,
          0.0,
          0.0,
          0.0,
          0.0,
          0.0,
          0.0,
          0.0,
          0.0,
          0.0,
          0.0,
          0.0,
          0.0,
          0.0,
          0.0,
          0.0,
          0.0,
          0.0,
          0.0,
          0.0,
          0.0,
          0.0,
          0.0,
          0.0,
          0.0,
          0.0,
          0.0,
          0.0
        ],
        [
          0.0,
          0.0,
          0.0,
          0.0,
          0.0,
          0.0,
          0.0,
          0.0,
          0.0,
          0.0,
          0.0,
          0.0,
          0.0,
          0.0,
          0.0,
          0.0,
          0.0,
          0.0,
          0.0,
          0.0,
          0.0,
          0.0,
          0.0,
          0.0,
          0.0,
          0.0,
          0.0,
          0.0,
          0.0,
          0.0
        ],
        [
          0.0,
          0.0,
          0.0,
          0.0,
          0.0,
          0.0,
          0.0,
          0.0,
          0.0,
          0.0,
          0.0,
          0.0,
          0.0,
          0.0,
          0.0,
          0.0,
          0.0,
          0.0,
          0.0,
          0.0,
          0.0,
          0.0,
          0.0,
          0.0,
          0.0,
          0.0,
          0.0,
          0.0,
          0.0,
          0.0
        ],
        [
          0.0,
          0.0,
          0.0,
          0.0,
          0.0,
          0.0,
          0.0,
          0.0,
          0.0,
          0.0,
          0.0,
          0.0,
          0.0,
          0.0,
          0.0,
          0.0,
          0.0,
          0.0,
          0.0,
          0.0,
          0.0,
          0.0,
          0.0,
          0.0,
          0.0,
          0.0,
          0.0,
          0.0,
          0.0,
          0.0
        ],
        [
          0.0,
          0.0,
          0.0,
          0.0,
          0.0,
          0.0,
          0.0,
          0.0,
          0.0,
          0.0,
          0.0,
          0.0,
          0.0,
          0.0,
          0.0,
          0.0,
          0.0,
          0.0,
          0.0,
          0.0,
          0.0,
          0.0,
          0.0,
          0.0,
          0.0,
          0.0,
          0.0,
          0.0,
          0.0,
          0.0
        ],
        [
          0.0,
          0.0,
          0.0,
          0.0,
          0.0,
          0.0,
          0.0,
          0.0,
          0.0,
          0.0,
          0.0,
          0.0,
          0.0,
          0.0,
          0.0,
          0.0,
          0.0,
          0.0,
          0.0,
          0.0,
          0.0,
          0.0,
          0.0,
          0.0,
          0.0,
          0.0,
          0.0,
          0.0,
          0.0,
          0.0
        ],
        [
          0.0,
          0.0,
          0.0,
          0.0,
          0.0,
          0.0,
          0.0,
          0.0,
          0.0,
          0.0,
          0.0,
          0.0,
          0.0,
          0.0,
          0.0,
          0.0,
          0.0,
          0.0,
          0.0,
          0.0,
          0.0,
          0.0,
          0.0,
          0.0,
          0.0,
          0.0,
          0.0,
          0.0,
          0.0,
          0.0
        ],
        [
          0.0,
          0.0,
          0.0,
          0.0,
          0.0,
          0.0,
          0.0,
          0.0,
          0.0,
          0.0,
          0.0,
          0.0,
          0.0,
          0.0,
          0.0,
          0.0,
          0.0,
          0.0,
          0.0,
          0.0,
          0.0,
          0.0,
          0.0,
          0.0,
          0.0,
          0.0,
          0.0,
          0.0,
          0.0,
          0.0
        ],
        [
          0.0,
          0.0,
          0.0,
          0.0,
          0.0,
          0.0,
          0.0,
          0.0,
          0.0,
          0.0,
          0.0,
          0.0,
          0.0,
          0.0,
          0.0,
          0.0,
          0.0,
          0.0,
          0.0,
          0.0,
          0.0,
          0.0,
          0.0,
          0.0,
          0.0,
          0.0,
          0.0,
          0.0,
          0.0,
          0.0
        ],
        [
          0.0,
          0.0,
          0.0,
          0.0,
          0.0,
          0.0,
          0.0,
          0.0,
          0.0,
          0.0,
          0.0,
          0.0,
          0.0,
          0.0,
          0.0,
          0.0,
          0.0,
          0.0,
          0.0,
          0.0,
          0.0,
          0.0,
          0.0,
          0.0,
          0.0,
          0.0,
          0.0,
          0.0,
          0.0,
          0.0
        ],
        [
          0.0,
          0.0,
          0.0,
          0.0,
          0.0,
          0.0,
          0.0,
          0.0,
          0.0,
          0.0,
          0.0,
          0.0,
          0.0,
          0.0,
          0.0,
          0.0,
          0.0,
          0.0,
          0.0,
          0.0,
          0.0,
          0.0,
          0.0,
          0.0,
          0.0,
          0.0,
          0.0,
          0.0,
          0.0,
          0.0
        ],
        [
          0.0,
          0.0,
          0.0,
          0.0,
          0.0,
          0.0,
          0.0,
          0.0,
          0.0,
          0.0,
          0.0,
          0.0,
          0.0,
          0.0,
          0.0,
          0.0,
          0.0,
          0.0,
          0.0,
          0.0,
          0.0,
          0.0,
          0.0,
          0.0,
          0.0,
          0.0,
          0.0,
          0.0,
          0.0,
          0.0
        ],
        [
          0.0,
          0.0,
          0.0,
          0.0,
          0.0,
          0.0,
          0.0,
          0.0,
          0.0,
          0.0,
          0.0,
          0.0,
          0.0,
          0.0,
          0.0,
          0.0,
          0.0,
          0.0,
          0.0,
          0.0,
          0.0,
          0.0,
          0.0,
          0.0,
          0.0,
          0.0,
          0.0,
          0.0,
          0.0,
          0.0
        ],
        [
          0.0,
          0.0,
          0.0,
          0.0,
          0.0,
          0.0,
          0.0,
          0.0,
          0.0,
          0.0,
          0.0,
          0.0,
          0.0,
          0.0,
          0.0,
          0.0,
          0.0,
          0.0,
          0.0,
          0.0,
          0.0,
          0.0,
          0.0,
          0.0,
          0.0,
          0.0,
          0.0,
          0.0,
          0.0,
          0.0
        ],
        [
          0.0,
          0.0,
          0.0,
          0.0,
          0.0,
          0.0,
          0.0,
          0.0,
          0.0,
          0.0,
          0.0,
          0.0,
          0.0,
          0.0,
          0.0,
          0.0,
          0.0,
          0.0,
          0.0,
          0.0,
          0.0,
          0.0,
          0.0,
          0.0,
          0.0,
          0.0,
          0.0,
          0.0,
          0.0,
          0.0
        ],
        [
          0.0,
          0.0,
          0.0,
          0.0,
          0.0,
          0.0,
          0.0,
          0.0,
          0.0,
          0.0,
          0.0,
          0.0,
          0.0,
          0.0,
          0.0,
          0.0,
          0.0,
          0.0,
          0.0,
          0.0,
          0.0,
          0.0,
          0.0,
          0.0,
          0.0,
          0.0,
          0.0,
          0.0,
          0.0,
          0.0
        ],
        [
          0.0,
          0.0,
          0.0,
          0.0,
          0.0,
          0.0,
          0.0,
          0.0,
          0.0,
          0.0,
          0.0,
          0.0,
          0.0,
          0.0,
          0.0,
          0.0,
          0.0,
          0.0,
          0.0,
          0.0,
          0.0,
          0.0,
          0.0,
          0.0,
          0.0,
          0.0,
          0.0,
          0.0,
          0.0,
          0.0
        ],
        [
          0.0,
          0.0,
          0.0,
          0.0,
          0.0,
          0.0,
          0.0,
          0.0,
          0.0,
          0.0,
          0.0,
          0.0,
          0.0,
          0.0,
          0.0,
          0.0,
          0.0,
          0.0,
          0.0,
          0.0,
          0.0,
          0.0,
          0.0,
          0.0,
          0.0,
          0.0,
          0.0,
          0.0,
          0.0,
          0.0
        ],
        [
          0.0,
          0.0,
          0.0,
          0.0,
          0.0,
          0.0,
          0.0,
          0.0,
          0.0,
          0.0,
          0.0,
          0.0,
          0.0,
          0.0,
          0.0,
          0.0,
          0.0,
          0.0,
          0.0,
          0.0,
          0.0,
          0.0,
          0.0,
          0.0,
          0.0,
          0.0,
          0.0,
          0.0,
          0.0,
          0.0
        ],
        [
          0.0,
          0.0,
          0.0,
          0.0,
          0.0,
          0.0,
          0.0,
          0.0,
          0.0,
          0.0,
          0.0,
          0.0,
          0.0,
          0.0,
          0.0,
          0.0,
          0.0,
          0.0,
          0.0,
          0.0,
          0.0,
          0.0,
          0.0,
          0.0,
          0.0,
          0.0,
          0.0,
          0.0,
          0.0,
          0.0
        ],
        [
          0.0,
          0.0,
          0.0,
          0.0,
          0.0,
          0.0,
          0.0,
          0.0,
          0.0,
          0.0,
          0.0,
          0.0,
          0.0,
          0.0,
          0.0,
          0.0,
          0.0,
          0.0,
          0.0,
          0.0,
          0.0,
          0.0,
          0.0,
          0.0,
          0.0,
          0.0,
          0.0,
          0.0,
          0.0,
          0.0
        ],
        [
          0.0,
          0.0,
          0.0,
          0.0,
          0.0,
          0.0,
          0.0,
          0.0,
          0.0,
          0.0,
          0.0,
          0.0,
          0.0,
          0.0,
          0.0,
          0.0,
          0.0,
          0.0,
          0.0,
          0.0,
          0.0,
          0.0,
          0.0,
          0.0,
          0.0,
          0.0,
          0.0,
          0.0,
          0.0,
          0.0
        ]
      ],
      "b": [
        -4.316573136476676,
        -3.847528373801504,
        -2.3663605902251863,
        -3.0306030464494653,
        2.2200829973117715,
        -3.6401141508871904,
        -1.6572879746869145,
        11.45667411164411,
        4.347638625424038,
        0.5236366206283295,
        -1.8261935269976814,
        -5.279126960649407,
        -1.5923017969916786,
        -2.009740044849552,
        -3.878347974553759,
        -4.787314039038173,
        -2.9336947584104536,
        -3.7788452162132553,
        -5.433899233521772,
        4.232436837378448,
        2.2559298212238876,
        -1.5429798415281053,
        -4.318278297085135,
        4.788353694148251,
        4.871300361354177,
        -0.6914628649721185,
        -1.186245092321318,
        0.9405965301406966,
        -2.9094642232307675,
        -2.1012726591384374,
        -2.893758310067882,
        -1.3073097507458635,
        3.8828745319552636,
        -3.0035195210195758,
        5.374235951012465,
        -1.2420780079767793,
        -4.104231071155107,
        2.1559382611319977,
        -4.498234594902229,
        -4.617493295746422,
        9.605529651310245,
        -0.29884078186722723,
        -4.993887302707422,
        10.782304754478778,
        -4.577149989534273,
        -9.534004650686246,
        -8.49984586570929,
        -2.7481321331381063,
        -1.9362295059057282,
        -0.7912289382465957
      ],
      "nablaB": [
        0.0,
        0.0,
        0.0,
        0.0,
        0.0,
        0.0,
        0.0,
        0.0,
        0.0,
        0.0,
        0.0,
        0.0,
        0.0,
        0.0,
        0.0,
        0.0,
        0.0,
        0.0,
        0.0,
        0.0,
        0.0,
        0.0,
        0.0,
        0.0,
        0.0,
        0.0,
        0.0,
        0.0,
        0.0,
        0.0,
        0.0,
        0.0,
        0.0,
        0.0,
        0.0,
        0.0,
        0.0,
        0.0,
        0.0,
        0.0,
        0.0,
        0.0,
        0.0,
        0.0,
        0.0,
        0.0,
        0.0,
        0.0,
        0.0,
        0.0
      ]
    },
    {
      "w": [
        [
          -1.5140164669857883,
          2.0309318515846546,
          2.1341046631520912,
          2.503023193025345,
          1.7255007378593787,
          1.6987362768580974,
          2.102204833454412,
          -1.8055349471359579,
          -1.6208745817709802,
          1.542224430157594,
          1.6339986915071738,
          -2.1657232381237472,
          1.6232860483618667,
          -3.0368813405068202,
          2.1392136669318824,
          2.2802268264886627,
          1.980149748900787,
          1.9060434308130627,
          -2.070379362804506,
          -2.6855819710769206,
          -2.6455950022284482,
          2.3381878898205066,
          1.7467761409761255,
          -1.6600963242093205,
          -2.122835864023737,
          1.2373337126457546,
          1.7840384349481646,
          1.4462620812413542,
          -1.2458327710587846,
          2.9005846198163683,
          1.9063415011742533,
          -4.43765467131049,
          1.1610872563986936,
          1.864096169404014,
          1.1144628586876264,
          1.9072085650983597,
          -2.6489498325769945,
          2.0449508763139104,
          1.9940236704213945,
          -1.9690078722861268,
          -2.4440984219529085,
          1.8619430746218173,
          1.9406269582311562,
          -6.016695473349932,
          2.9782535649105215,
          3.4209559573272026,
          -3.6192077695011142,
          -1.3666395458483467,
          1.4992911113566025,
          1.880858960109761
        ],
        [
          1.0071758017283452,
          -1.292511840023059,
          -1.4318538194879946,
          -1.6743153151917367,
          -1.1340046681854152,
          -1.0659863421318052,
          -1.5563113206192218,
          1.257056111295639,
          1.1548091061613774,
          -1.0062496631739144,
          -1.1922335440996958,
          1.5298527724345625,
          -1.0544386729025774,
          2.1840195644974445,
          -1.3843853257631547,
          -1.658991225067977,
          -1.2749846659164794,
          -1.2451791931023073,
          1.3070415923685712,
          1.7554498329112678,
          1.6446558791119485,
          -1.4847276723094591,
          -1.1729795764472584,
          1.2085394805874468,
          1.3605057716213516,
          -0.9194496124889792,
          -1.039970780320603,
          -1.1591082923188396,
          0.9346431575683646,
          -1.8869665698742355,
          -1.279885418928673,
          3.211755061104602,
          -0.8440268215884542,
          -1.2529191550487118,
          -0.8233880978806403,
          -1.2987761792429067,
          1.9253406540215745,
          -1.3779707507893817,
          -1.2816411688777947,
          1.3643799534325274,
          1.700104720796544,
          -1.247848106707415,
          -1.2579830977935098,
          4.195922767827423,
          -2.27116579667467,
          -2.3538531845094983,
          2.2274221890727706,
          1.0312574423372662,
          -1.146452965775721,
          -1.222269125303159
        ],
        [
          0.511975694086063,
          -0.756784685532045,
          -0.8879964673215383,
          -1.3070709803832103,
          -0.6669253608743372,
          -0.8359537899884529,
          -0.5215690025043924,
          0.6158846594235586,
          0.32156126670425245,
          -0.6615581846925267,
          -0.34155120496644037,
          1.0651264790794155,
          -0.8104544570065443,
          0.19270110709450805,
          -1.3108499811190333,
          -0.576543518068439,
          -1.1712249746412688,
          -0.832944957384281,
          0.8255878132548371,
          1.2861630790512835,
          1.0166967312502098,
          -1.0134031461027133,
          -0.18167259668180666,
          0.38077404556011296,
          1.0566758637514295,
          0.011783935217583268,
          -0.8906137354789398,
          -0.04909119923599367,
          0.1887340720595312,
          -1.2286769040504444,
          -0.7129544853568581,
          -0.6259538371693903,
          -0.1786217648205589,
          -1.0151249534892042,
          0.07862816979115295,
          -0.5044301250142296,
          -0.06219878695746611,
          -0.5467609282942785,
          -1.0907052207791263,
          1.189874250923834,
          0.6864587695487107,
          -0.7602716159329383,
          -0.9941508979039813,
          1.10905920454198,
          -1.3462959727272361,
          -0.8076254361726951,
          0.977196915761776,
          -0.20903973767146555,
          -0.45524610092228135,
          -0.52863349329837
        ],
        [
          -0.7715209391684863,
          -2.075414872896,
          -1.5437009932980672,
          -1.7184805689942508,
          -1.7947962434587075,
          -1.5720147376371034,
          -1.6427136000403184,
          0.9190969647862566,
          0.5607950909405364,
          -1.7047025307478727,
          -0.5036571149069623,
          0.8491485636759386,
          -1.0422880090443762,
          -0.12437022001944714,
          -1.6438039116271292,
          0.014902007154357346,
          -1.6126614454758,
          -1.3759207097678212,
          1.3424347254283548,
          2.2890148072679564,
          2.5297441201656072,
          -1.322627540961194,
          -2.402503017655853,
          0.3726084590565461,
          1.9857932070931377,
          -0.18079555374317097,
          -1.8532616710270404,
          -0.007480221413686293,
          0.5223468788973644,
          -2.4101758212913587,
          -1.6582244059609115,
          0.16433514255083745,
          -0.19756661141957804,
          -1.904846436966687,
          -0.6655411478223203,
          -2.129341358433872,
          2.8012329880717797,
          -0.9299442399018293,
          -1.9340648704283818,
          1.2277686216051442,
          2.235585375800229,
          -1.151674212886004,
          -2.0111081633856775,
          1.3632147396816465,
          0.39338638686481514,
          -4.578076129358852,
          1.0751170779062527,
          1.263217503209188,
          -0.5887441938519932,
          -1.5475027750298638
        ],
        [
          -0.6275465483631707,
          0.21817984321086722,
          -0.928912438961498,
          -0.2170819644028374,
          -1.1188333096272352,
          0.5605181467109006,
          -0.22350689536698604,
          -0.5493995708152498,
          1.0363535329530928,
          -0.5611248460973179,
          -0.7778748551124139,
          -0.6486022747147094,
          0.43659014145845404,
          0.10476128654323993,
          -0.3076791566078526,
          -0.8771663872191455,
          -0.26513784438907606,
          -0.49005047463367374,
          0.060304491077792004,
          0.4432842869103908,
          0.35465948717424284,
          -1.0092347334110106,
          -0.631335329058033,
          -0.790399320254025,
          -0.7437578504657675,
          -0.23811451986168422,
          -0.10114144257946238,
          0.11405470581051609,
          -0.8760468650920293,
          -0.09521215184899849,
          -1.0351280898541735,
          -0.7413676695436366,
          -0.9247764876025306,
          -0.2692048660518215,
          -1.417161421128527,
          -0.4673096377392929,
          -0.7793328843145929,
          -0.38861914706378586,
          0.2056186202269736,
          -1.169120334122245,
          -0.49218620968825866,
          -0.9886283984302484,
          0.36272045542499426,
          -0.004537449938030816,
          -0.5609787930136563,
          0.08123213083889431,
          1.0619506305515558,
          -0.32334459105200297,
          -0.390023338402064,
          -0.7105839973906763
        ],
        [
          -0.8348288948577463,
          -0.02090487504508882,
          -0.708778335994061,
          -0.3357932665862888,
          -0.8406331396848241,
          -0.8851233527829148,
          -0.7897192484351361,
          0.16412863313249484,
          -0.3754680878010937,
          -0.6487450276892526,
          -0.6871635373878799,
          -0.7331897683653322,
          -0.14240843226672262,
          -0.35091021673432066,
          -0.40657525369086883,
          -0.3330135794478873,
          -0.8386265572123166,
          -0.8233803521376112,
          -0.3410390797273793,
          -0.5176830033008114,
          -0.13270639048312155,
          -0.5272277551560094,
          -0.6640124716527188,
          -0.8595490349460841,
          -1.2275510373870173,
          -0.13354774470225902,
          -0.40916342936260436,
          -0.09121034035210654,
          -1.3859999713964135,
          -0.5104212081107679,
          -0.9985732555866428,
          -1.0094686369554646,
          -0.7005666006292176,
          -0.4527977980789898,
          -0.5318848334161772,
          -0.7530622040646604,
          -0.6069226267724703,
          -0.04087692669383611,
          -0.7630890651968468,
          -0.46798078516695835,
          -0.10503112649282773,
          -0.7398864354724007,
          -0.19146641243981177,
          -0.09632525563827728,
          -0.5846718410203984,
          -0.5863282896129091,
          -0.6259142938661294,
          -0.3152892479056641,
          -0.3321017518751805,
          -0.49230052277969066
        ],
        [
          -0.044742438260050615,
          -0.48660084754633975,
          -0.7184342261205904,
          -0.8780819255216292,
          -0.9608564430133566,
          -0.5728139070094579,
          -0.5723655049861512,
          -0.21732003241531886,
          0.5088714832575923,
          -0.05292191473567184,
          -0.667040497273684,
          -0.7765136897517675,
          -0.3919161426214192,
          -0.21988989105773477,
          -0.49848341716686106,
          -0.4330314819902227,
          -0.9768334706232712,
          -0.4486432319289997,
          -0.27390850494166635,
          0.15377514551173707,
          0.08763810572078123,
          -0.5969851975222896,
          -0.6852453697156052,
          -0.31556376573130024,
          -0.9146426472564471,
          -0.2169613304621999,
          -0.7280167479006432,
          -0.3505442097498084,
          -1.0346679931817484,
          -1.138251779214132,
          -1.1855742530917914,
          -0.4370007040950169,
          -0.9603222536795013,
          -0.5922142605138597,
          -1.2585442392102024,
          -0.41155351056240297,
          -0.7322234149507693,
          -0.5742913639777061,
          -0.49574791081938563,
          0.16727797988316498,
          -0.4800559736909731,
          -0.8646685405284658,
          -0.6418685983534913,
          -0.5475503300683516,
          -0.5949116816672272,
          -0.4317155115729695,
          0.15788900216551496,
          -0.1397958774807123,
          0.12110947261358643,
          -0.570283030384464
        ],
        [
          -0.6736929360739803,
          -0.5415951731176584,
          -0.8335281886587816,
          -0.4318214868269429,
          -0.8164530094434538,
          -0.7350797201766922,
          -0.7317500306660162,
          0.04049005037271096,
          -0.1560101950841775,
          -0.6257076457809585,
          -0.8584085618870256,
          -0.8687585000529835,
          -0.311795817555903,
          -0.6316062332339725,
          -0.20045885453603998,
          -0.2853153275919784,
          -0.9769408414340471,
          -0.6796538603970492,
          -0.2754316767941861,
          -0.3945843586820676,
          -0.019068738247070952,
          -0.9180200102974748,
          -0.23822896320636772,
          -0.501577202449953,
          -1.2055955513506191,
          -0.30824797917406693,
          -0.7784946886085967,
          -0.11065329695212438,
          -1.159247579937193,
          -0.7351442259615781,
          -0.7252176785784911,
          -0.29758407655912483,
          -0.7779061382662206,
          -0.6182907422677604,
          -1.1354832776365462,
          -0.29371721847571974,
          -0.3433545699264197,
          -0.159567870830917,
          -0.0833906107043494,
          -0.16592413240726914,
          -0.23289241152772494,
          -0.5309010403168476,
          -0.5728784110266031,
          -0.3624278555769521,
          -0.247373146148115,
          -0.5605500686380401,
          -0.5080818132379947,
          -0.3190402074909293,
          -0.06576515458255845,
          -0.6633255895310447
        ],
        [
          -0.6917280421063725,
          -0.6645663596223801,
          -0.6378332789307396,
          -0.4243012329376518,
          -1.0210020628293048,
          -0.5054039770558925,
          -0.48892068842657266,
          0.056305693350638675,
          -0.5658473828773025,
          -0.1815549634317058,
          -0.8954183812618081,
          -0.5093734404508187,
          -0.7402955789881928,
          -0.3613847164301025,
          -0.7175672752038841,
          -0.46395280011627116,
          -1.1756664685720726,
          -0.5477823624095636,
          -0.6654746245995404,
          -0.4026893944995224,
          -0.2625183442431171,
          -0.4143331226413977,
          -0.28320010197978185,
          -0.8540767363603117,
          -1.6563251543089184,
          -0.4484260369366862,
          -0.7361179041059852,
          -0.5041026517054354,
          -1.5778372471180822,
          -0.610414347809643,
          -0.931626849398557,
          -0.7580631062158164,
          -0.8798475562269493,
          -0.7506243154827689,
          -0.9060087841662515,
          -0.29757305783112203,
          -0.44846841747839017,
          -0.5718634679589191,
          -0.5277014368774684,
          -0.05306655889084976,
          -0.46041758449037906,
          -0.2792313857675738,
          -0.4662878144566827,
          -0.5140214087237044,
          -0.5301642938878618,
          -0.27885496422024053,
          -0.3290823899276543,
          -0.6144391632953782,
          -0.6078126201776705,
          -0.3553440642127164
        ],
        [
          -0.8893668203224587,
          -0.564472099027534,
          -0.5460187725057216,
          -0.7345735027710752,
          -0.77310424716012,
          -0.8552985874457286,
          -0.5483453263391367,
          0.09989509437868882,
          -0.516736123843528,
          -0.5416044604616806,
          -0.9312311503397194,
          -0.7802103933909631,
          -0.7622279677394229,
          -0.6024373369823647,
          -0.2659758296936487,
          -0.353608048565201,
          -1.096154184024199,
          -0.30350068917090267,
          -0.4461436306344097,
          -0.2331312828566086,
          -0.19515328239375504,
          -0.8803018176062746,
          -0.548810536943563,
          -0.8776463888988838,
          -1.625586147167191,
          -0.4059638261232138,
          -0.46909435191915183,
          -0.1934681859897306,
          -1.3194135204459283,
          -0.8994120600229305,
          -1.0983134234337204,
          -0.9565770582355413,
          -0.7675148281600073,
          -0.6486915708760673,
          -1.1355551415104788,
          -0.6069590910624505,
          -0.634232447107563,
          -0.2541185016648339,
          -0.481983450667465,
          -0.22104202254405575,
          -0.5756831414859507,
          -0.6837413951322664,
          -0.7274888909745896,
          -0.02195903582436301,
          -0.6524007015518827,
          -0.4362873546572693,
          -0.3358017007764796,
          -0.19367872790557927,
          -0.18829652141893188,
          -0.5961550021765337
        ]
      ],
      "nablaW": [
        [
          0.0,
          0.0,
          0.0,
          0.0,
          0.0,
          0.0,
          0.0,
          0.0,
          0.0,
          0.0,
          0.0,
          0.0,
          0.0,
          0.0,
          0.0,
          0.0,
          0.0,
          0.0,
          0.0,
          0.0,
          0.0,
          0.0,
          0.0,
          0.0,
          0.0,
          0.0,
          0.0,
          0.0,
          0.0,
          0.0,
          0.0,
          0.0,
          0.0,
          0.0,
          0.0,
          0.0,
          0.0,
          0.0,
          0.0,
          0.0,
          0.0,
          0.0,
          0.0,
          0.0,
          0.0,
          0.0,
          0.0,
          0.0,
          0.0,
          0.0
        ],
        [
          0.0,
          0.0,
          0.0,
          0.0,
          0.0,
          0.0,
          0.0,
          0.0,
          0.0,
          0.0,
          0.0,
          0.0,
          0.0,
          0.0,
          0.0,
          0.0,
          0.0,
          0.0,
          0.0,
          0.0,
          0.0,
          0.0,
          0.0,
          0.0,
          0.0,
          0.0,
          0.0,
          0.0,
          0.0,
          0.0,
          0.0,
          0.0,
          0.0,
          0.0,
          0.0,
          0.0,
          0.0,
          0.0,
          0.0,
          0.0,
          0.0,
          0.0,
          0.0,
          0.0,
          0.0,
          0.0,
          0.0,
          0.0,
          0.0,
          0.0
        ],
        [
          0.0,
          0.0,
          0.0,
          0.0,
          0.0,
          0.0,
          0.0,
          0.0,
          0.0,
          0.0,
          0.0,
          0.0,
          0.0,
          0.0,
          0.0,
          0.0,
          0.0,
          0.0,
          0.0,
          0.0,
          0.0,
          0.0,
          0.0,
          0.0,
          0.0,
          0.0,
          0.0,
          0.0,
          0.0,
          0.0,
          0.0,
          0.0,
          0.0,
          0.0,
          0.0,
          0.0,
          0.0,
          0.0,
          0.0,
          0.0,
          0.0,
          0.0,
          0.0,
          0.0,
          0.0,
          0.0,
          0.0,
          0.0,
          0.0,
          0.0
        ],
        [
          0.0,
          0.0,
          0.0,
          0.0,
          0.0,
          0.0,
          0.0,
          0.0,
          0.0,
          0.0,
          0.0,
          0.0,
          0.0,
          0.0,
          0.0,
          0.0,
          0.0,
          0.0,
          0.0,
          0.0,
          0.0,
          0.0,
          0.0,
          0.0,
          0.0,
          0.0,
          0.0,
          0.0,
          0.0,
          0.0,
          0.0,
          0.0,
          0.0,
          0.0,
          0.0,
          0.0,
          0.0,
          0.0,
          0.0,
          0.0,
          0.0,
          0.0,
          0.0,
          0.0,
          0.0,
          0.0,
          0.0,
          0.0,
          0.0,
          0.0
        ],
        [
          0.0,
          0.0,
          0.0,
          0.0,
          0.0,
          0.0,
          0.0,
          0.0,
          0.0,
          0.0,
          0.0,
          0.0,
          0.0,
          0.0,
          0.0,
          0.0,
          0.0,
          0.0,
          0.0,
          0.0,
          0.0,
          0.0,
          0.0,
          0.0,
          0.0,
          0.0,
          0.0,
          0.0,
          0.0,
          0.0,
          0.0,
          0.0,
          0.0,
          0.0,
          0.0,
          0.0,
          0.0,
          0.0,
          0.0,
          0.0,
          0.0,
          0.0,
          0.0,
          0.0,
          0.0,
          0.0,
          0.0,
          0.0,
          0.0,
          0.0
        ],
        [
          0.0,
          0.0,
          0.0,
          0.0,
          0.0,
          0.0,
          0.0,
          0.0,
          0.0,
          0.0,
          0.0,
          0.0,
          0.0,
          0.0,
          0.0,
          0.0,
          0.0,
          0.0,
          0.0,
          0.0,
          0.0,
          0.0,
          0.0,
          0.0,
          0.0,
          0.0,
          0.0,
          0.0,
          0.0,
          0.0,
          0.0,
          0.0,
          0.0,
          0.0,
          0.0,
          0.0,
          0.0,
          0.0,
          0.0,
          0.0,
          0.0,
          0.0,
          0.0,
          0.0,
          0.0,
          0.0,
          0.0,
          0.0,
          0.0,
          0.0
        ],
        [
          0.0,
          0.0,
          0.0,
          0.0,
          0.0,
          0.0,
          0.0,
          0.0,
          0.0,
          0.0,
          0.0,
          0.0,
          0.0,
          0.0,
          0.0,
          0.0,
          0.0,
          0.0,
          0.0,
          0.0,
          0.0,
          0.0,
          0.0,
          0.0,
          0.0,
          0.0,
          0.0,
          0.0,
          0.0,
          0.0,
          0.0,
          0.0,
          0.0,
          0.0,
          0.0,
          0.0,
          0.0,
          0.0,
          0.0,
          0.0,
          0.0,
          0.0,
          0.0,
          0.0,
          0.0,
          0.0,
          0.0,
          0.0,
          0.0,
          0.0
        ],
        [
          0.0,
          0.0,
          0.0,
          0.0,
          0.0,
          0.0,
          0.0,
          0.0,
          0.0,
          0.0,
          0.0,
          0.0,
          0.0,
          0.0,
          0.0,
          0.0,
          0.0,
          0.0,
          0.0,
          0.0,
          0.0,
          0.0,
          0.0,
          0.0,
          0.0,
          0.0,
          0.0,
          0.0,
          0.0,
          0.0,
          0.0,
          0.0,
          0.0,
          0.0,
          0.0,
          0.0,
          0.0,
          0.0,
          0.0,
          0.0,
          0.0,
          0.0,
          0.0,
          0.0,
          0.0,
          0.0,
          0.0,
          0.0,
          0.0,
          0.0
        ],
        [
          0.0,
          0.0,
          0.0,
          0.0,
          0.0,
          0.0,
          0.0,
          0.0,
          0.0,
          0.0,
          0.0,
          0.0,
          0.0,
          0.0,
          0.0,
          0.0,
          0.0,
          0.0,
          0.0,
          0.0,
          0.0,
          0.0,
          0.0,
          0.0,
          0.0,
          0.0,
          0.0,
          0.0,
          0.0,
          0.0,
          0.0,
          0.0,
          0.0,
          0.0,
          0.0,
          0.0,
          0.0,
          0.0,
          0.0,
          0.0,
          0.0,
          0.0,
          0.0,
          0.0,
          0.0,
          0.0,
          0.0,
          0.0,
          0.0,
          0.0
        ],
        [
          0.0,
          0.0,
          0.0,
          0.0,
          0.0,
          0.0,
          0.0,
          0.0,
          0.0,
          0.0,
          0.0,
          0.0,
          0.0,
          0.0,
          0.0,
          0.0,
          0.0,
          0.0,
          0.0,
          0.0,
          0.0,
          0.0,
          0.0,
          0.0,
          0.0,
          0.0,
          0.0,
          0.0,
          0.0,
          0.0,
          0.0,
          0.0,
          0.0,
          0.0,
          0.0,
          0.0,
          0.0,
          0.0,
          0.0,
          0.0,
          0.0,
          0.0,
          0.0,
          0.0,
          0.0,
          0.0,
          0.0,
          0.0,
          0.0,
          0.0
        ]
      ],
      "b": [
        -6.760406454055701,
        4.149537426914009,
        -0.7069852638427332,
        0.25704940803859355,
        -2.3389057777299587,
        -1.6197384136034503,
        -1.183617865109962,
        -2.1144660817968672,
        -2.1426204717853734,
        -1.9208000433019052
      ],
      "nablaB": [
        0.0,
        0.0,
        0.0,
        0.0,
        0.0,
        0.0,
        0.0,
        0.0,
        0.0,
        0.0
      ]
    }
  ]
}