Posterior: 0.594413
{
  "topologia": [
    30,
    50,
    10
  ],
  "learningRate": 0.1,
  "cantEntrenamientos": 500,
  "capas": [
    {
      "w": [
        [
          -6.776657622401109,
          -0.7330156735032096,
          -4.4898859104199955,
          -4.829335811688667,
          2.1488326927151458,
          1.5601505245783804,
          -7.646578177922835,
          -1.880436148308472,
          -8.021817786350947,
          4.682771732674748,
          -3.2757682256352663,
          5.784843000549255,
          -1.3681306516131968,
          0.2745357992783809,
          0.21888120981126755,
          2.563398721752939,
          -9.401026612635507,
          1.1555924481723827,
          -4.35982461443824,
          0.9410501930059741,
          1.9811262889093442,
          2.723249939010964,
          -0.8425020770714727,
          -3.2511824709356603,
          1.8706092541830166,
          0.632605779757727,
          2.347391602630621,
          -3.5582640965880623,
          3.080951803776813,
          -4.200911804502268
        ],
        [
          0.722815300012559,
          0.9633052575355125,
          -6.466549801857647,
          -5.092051522737815,
          2.6463729719023803,
          4.065279605002421,
          0.34031784040851154,
          1.39900306496315,
          7.8102116738903975,
          8.733593147680093,
          -3.382239135770345,
          -4.08557074204918,
          -0.4660014058958031,
          0.6038073907510384,
          1.4610492832563642,
          2.358686647808413,
          -0.43423774855706954,
          -0.19261101401953373,
          -1.184919761032435,
          0.6674687859929214,
          -5.228844580823433,
          -7.327922512664277,
          3.61723061563733,
          2.0040035063111166,
          0.12648911565432805,
          2.488714480445647,
          -5.328102348394526,
          -6.779876133715483,
          2.2388227920549024,
          2.0466222587677896
        ],
        [
          0.3705340888308161,
          0.6399043072749143,
          1.99323184018879,
          -1.5183596950178944,
          -0.5695983280755362,
          1.3492266591413389,
          0.41279902812682545,
          -0.6375049240205745,
          8.573166830318778,
          0.5018177383771759,
          -0.34532387148808313,
          10.20841720509745,
          1.018004910976359,
          0.8267151387476964,
          -5.89165210409042,
          -1.163100598168035,
          -0.8186647760567629,
          -5.368921986533702,
          -1.3931031745841773,
          -0.03952413021873105,
          -7.109613760391305,
          0.8498437553331423,
          0.651955300320807,
          -6.288924628603949,
          1.6632334620734481,
          -0.005120151595373737,
          -7.149013130974252,
          -0.08264792312738,
          -0.7503527133322879,
          -6.533814523068633
        ],
        [
          0.4702627653221049,
          -0.8613388325518614,
          6.180797948771714,
          -5.565112444505048,
          -1.0059425578123031,
          -3.561602746891255,
          -2.1556739535590514,
          -0.36763908417575775,
          -5.7417828484496365,
          2.8717557769153563,
          2.364629506935855,
          -6.55075195777012,
          -2.032091514296181,
          0.45273549257127954,
          -6.20966126999535,
          4.737719855509218,
          -12.805548328804651,
          -5.914950630731151,
          3.731653840487076,
          0.4198704026656163,
          -1.5235168067960168,
          0.022418003679958158,
          0.19738706859553004,
          -0.42190951243832875,
          6.6183896810870095,
          -4.921031528345272,
          -3.3203696944680257,
          -1.8222232054103045,
          1.9524512600266646,
          -0.6391930570027003
        ],
        [
          -4.030595181559226,
          1.0306917866849905,
          -1.383887192472508,
          -4.329894630383233,
          -6.237905922770805,
          3.932506961250471,
          -1.7951264021076998,
          -4.762035881426968,
          1.8437029169881785,
          2.328290590156594,
          -0.12532991416437017,
          1.93645204220279,
          -6.787829510499524,
          -6.9051867130489395,
          -0.9149018576417206,
          -2.1479701997714473,
          -1.895505658676986,
          -3.446767589918062,
          -9.857815852663549,
          -7.300356547037607,
          -0.23334176118874989,
          7.793588005828377,
          0.05531149292150026,
          3.4211193110486877,
          3.2730320519812244,
          2.5594111613556674,
          -1.0028903099784088,
          -4.163817553577587,
          -5.798905868098863,
          -1.008020919568408
        ],
        [
          -1.703351975245751,
          -0.45748601553997764,
          -0.1704463827257174,
          0.836469388202507,
          -6.061610768016533,
          -1.9386908982120947,
          0.9508332633972747,
          -0.8827391421184602,
          0.8430443383312116,
          1.2355877142106002,
          -7.492382660012757,
          1.175064016547129,
          0.6472162674151972,
          0.10283697883894884,
          0.4888110957180015,
          1.2501724431724737,
          -7.453249098644707,
          2.188176523761222,
          -1.3528058519551698,
          1.60626033847582,
          -0.4923689765077156,
          0.17718970127708833,
          -7.744414804573484,
          -0.44158555475535277,
          -0.602404331637729,
          -0.7220361564712952,
          -2.828131931287748,
          -0.10192897492978097,
          -8.533607749022126,
          0.010797028767071722
        ],
        [
          -2.399580378076291,
          0.34453456839281726,
          -2.984813002944726,
          3.2154262643132756,
          7.881325891790624,
          8.405807945024845,
          -1.227954329103804,
          -1.7507458689514235,
          1.8148863714100247,
          -6.628819734481084,
          -7.755755137907846,
          -7.105212007567471,
          -1.527094103287718,
          1.145615062331318,
          -0.7126512467734867,
          -2.751120194100933,
          -7.3991391396442125,
          -7.44262558277445,
          -0.14611694795955973,
          -0.7662323366963112,
          -0.5570001552252897,
          -1.1183683810259166,
          -2.1932780112991397,
          -3.3454066920959553,
          -0.8016613306722264,
          1.1614763292523533,
          0.09482044266248259,
          -0.9392347777170335,
          0.41990104465718875,
          1.8924617545381315
        ],
        [
          -1.659352921315764,
          -1.3721966684195916,
          -8.501574790165495,
          -1.883256560868247,
          0.3353183199893144,
          -0.4631426352764307,
          1.7000331009469523,
          1.1926171880427732,
          -3.2590684653459188,
          0.3164464213434478,
          -0.044693869437897646,
          -1.0683274783459449,
          0.14090958053319114,
          -0.18655614203109488,
          -8.663811256336155,
          -1.6063706782314273,
          1.599719071832877,
          -1.793840439800299,
          1.5216956026145056,
          0.36864158628776245,
          -7.022843445921335,
          1.0829323866843146,
          -0.3631224957079146,
          -0.44736001939608827,
          -0.5470898900817566,
          -1.2743838837218537,
          -7.430404279389849,
          2.185983311696883,
          2.6066429154002555,
          -2.1797635218902363
        ],
        [
          0.9227580843049875,
          1.8083053374294187,
          -3.7644301990248836,
          -3.4177327494995833,
          -1.5032828575966273,
          -0.6703655106721896,
          -0.9530524414028679,
          -0.05994258221497502,
          -4.5523748710158785,
          -6.374074056827235,
          -1.041638464045306,
          -0.3557560582909635,
          -1.7084431441600887,
          0.9352446289936385,
          -8.297618555138568,
          -10.038776609255269,
          2.9049511639038053,
          2.7135731623365023,
          -1.299316693445389,
          0.0827044673270013,
          -8.505258442244207,
          -8.550157922309713,
          -0.4943633941660368,
          1.4775868593296007,
          -0.2510862405714808,
          1.2264482431124102,
          -5.026497254502467,
          -4.73063158670626,
          -1.9988200669669258,
          -0.7382768969896064
        ],
        [
          -4.231087969856493,
          -8.232566947544251,
          -0.8765928127281235,
          -2.6511007348225544,
          -1.4538456041317585,
          -2.3738972397040596,
          -1.7184266192113424,
          -1.4200490287087773,
          -6.134090504402458,
          -3.6167491401280767,
          -4.820390409528017,
          -0.6325736510849189,
          2.887969393358491,
          3.4738799934564777,
          1.717411958029014,
          4.9232252760296085,
          4.313271614088431,
          -0.9738450481819982,
          -0.5210759303711259,
          -2.789776218485828,
          -5.25933338775284,
          1.5787654254892998,
          -1.30497116736005,
          -8.983392098237603,
          -4.91423717601381,
          7.085211987813375,
          -0.25036097363362897,
          1.5597694945697889,
          -5.423186024051774,
          1.9902811370514213
        ],
        [
          1.3711381273442158,
          -3.0564793830027304,
          -6.172790716927459,
          -3.230979462828436,
          -3.306881004222182,
          -9.393701543230415,
          -1.7442803939197222,
          -1.5201581575341512,
          13.188073374282691,
          2.7451729876158892,
          0.5506755241014502,
          2.3785259345339433,
          -4.325406291462227,
          1.1598493338078795,
          -2.7451600302956853,
          -0.9476673733428288,
          1.7956540119166986,
          -3.267401408066271,
          0.4019941991843243,
          -1.570647292151776,
          -1.894634346330069,
          -0.4323464048367812,
          3.1330180821465654,
          1.1682357995464157,
          -1.7562977643789903,
          -0.21208810958242175,
          -3.0475113817301778,
          -0.5199164165744241,
          5.089914012101502,
          -2.4713353623104943
        ],
        [
          -0.5767863148611269,
          -0.1662517846470659,
          2.555172904916012,
          0.41206064929588937,
          3.011460875268654,
          1.0269257304277712,
          -4.8236903694033515,
          7.1908521223032205,
          2.2852312717609586,
          0.35104484862602775,
          -7.6165814638780995,
          -3.3794515128500615,
          2.6077379018635045,
          -0.9732767710222896,
          -3.0638619915868714,
          -6.624466454184078,
          -2.5452074992978497,
          0.7559209094017016,
          6.947996492904651,
          4.752971926519605,
          -4.054652769969699,
          -3.123269344454778,
          -2.1462192212414446,
          -4.301847753103277,
          -1.275949028283956,
          -3.683403260120635,
          -15.514986567217067,
          4.437065134729214,
          -0.17906883051305336,
          -4.59549329768769
        ],
        [
          0.07235710891204673,
          -1.482479425233072,
          1.9438508103073555,
          2.2830549374183167,
          -0.2467923019345624,
          -0.8440434903674634,
          2.0378797339431536,
          1.265721589799175,
          0.9003696953892353,
          0.4679284246637537,
          -0.9217415919011245,
          -0.11643994188776728,
          -0.7269762867432786,
          -0.8733026701170372,
          -11.164037452808506,
          -10.565107852179313,
          -4.192160133168346,
          8.785981665266794,
          2.053320818725171,
          -1.5330744523842927,
          -1.4720235999629943,
          -1.0544271732314616,
          0.3978945318351949,
          0.5050095548035761,
          -1.8479672234061286,
          1.489544504880037,
          11.491461470349954,
          10.508290143686132,
          4.604523084808287,
          -8.632670310682728
        ],
        [
          -5.752434697624208,
          -2.054727529924916,
          -0.007067617096308499,
          -0.13253946513749532,
          0.4611072843638902,
          1.0555737423436176,
          -0.6600372427302915,
          -5.580503215226849,
          -1.690063952503876,
          1.315783026488972,
          -6.601287927750021,
          6.111807472695576,
          -5.966746255495398,
          -3.0226135762440878,
          1.7778237657620866,
          2.342118101150103,
          6.155017370238146,
          -1.8714737060315116,
          3.032206332721907,
          -0.978528900916423,
          2.1017229615722313,
          3.1917086786011266,
          -1.4972424222813476,
          -0.9245165101603157,
          -6.391806239785704,
          -3.5249917248815166,
          -2.8038430368036042,
          -4.274668837702603,
          1.9781321401776586,
          -6.926213219041573
        ],
        [
          0.504675772684853,
          0.9343220349700457,
          -6.636943222006784,
          3.5671147446680687,
          -4.642414356855724,
          -4.959750114392232,
          -0.1446895297989315,
          -2.031215213604962,
          2.5349711828361645,
          -1.693489427976874,
          0.7486745220466995,
          2.620711146442938,
          3.227154593495981,
          -1.1537878635198913,
          1.1120585824804754,
          -0.7422657341885676,
          -0.754792229895792,
          1.1579084129271195,
          1.2144667197589354,
          0.058435225082123114,
          8.640381077986406,
          -5.181145104753878,
          6.1476348156320935,
          6.351625692574749,
          -0.6289975069812986,
          0.18847539351157072,
          -9.579070056255556,
          1.545497220545446,
          -5.578992600275371,
          -5.919000481718352
        ],
        [
          2.857601299637395,
          -3.3727131222546896,
          -1.193209213441684,
          0.8433396267292886,
          -1.9657363182357814,
          7.202238549404636,
          2.1666298634110386,
          -2.744522749580502,
          -4.809878418953007,
          -5.470130320849565,
          -2.536244863946687,
          -2.584511189785076,
          2.7785423136821623,
          1.222021826458485,
          -0.7952703356557034,
          3.230387161936819,
          2.341208115113563,
          -0.5041677591877359,
          0.431585849121508,
          -5.878615102678734,
          3.0503178006374165,
          2.4661484692417397,
          2.5773283293211513,
          -5.672382518120635,
          3.972216665907755,
          -6.137375828831612,
          4.6481973116689375,
          -4.146444677883927,
          -1.7284284491953714,
          -6.879480235363057
        ],
        [
          -1.472623716407196,
          -0.453317526789964,
          0.8211863544501022,
          2.8821151230136106,
          2.9817919449008086,
          -0.11696345388287514,
          -0.6221390784710829,
          -2.619274154994968,
          4.409227369219172,
          6.743756227450682,
          1.546083626694533,
          2.3063791343676248,
          -0.33252499675119984,
          1.8045140440359588,
          -3.13144704143386,
          0.5287086863558803,
          0.24815697400849646,
          1.4150612704768677,
          -0.1557372905964222,
          -1.5728330651151334,
          1.2757397567218145,
          2.3025924725892644,
          2.739636929616438,
          2.517027299308299,
          -3.3557730256413305,
          3.144910987760423,
          0.778846040474482,
          2.976516949869675,
          3.590075196354394,
          -2.0003773234306466
        ],
        [
          0.8217421702825742,
          0.35264175869696723,
          -2.615511160404463,
          0.9899554299364038,
          -2.0835784434008633,
          -13.845965245410962,
          0.5890220784355505,
          -0.33888127143262325,
          4.092301425592089,
          -2.166564406044943,
          2.808223252254812,
          -6.239546114214047,
          -1.1669783000093896,
          -0.7236662791820797,
          0.759034238186686,
          -0.8278675574415274,
          1.464867342530138,
          -11.988934643018935,
          0.8261318931685825,
          -0.29907219904837057,
          0.22121136084062548,
          -0.6223844566380725,
          2.2139611931223766,
          -10.930655916241388,
          0.3184880369676994,
          -0.9707317962264688,
          -0.07680966606664492,
          1.684161535562363,
          0.39213793130250985,
          -10.168573722707107
        ],
        [
          -5.924460295472215,
          -1.0155942724994382,
          -0.5764032060109742,
          -3.262342211421508,
          -2.632370867872772,
          5.629413872707604,
          1.0853077083996585,
          -0.9858212336229404,
          3.069164926505649,
          -11.03389032127421,
          1.72435045498983,
          -5.40702459142475,
          -0.44185685405978276,
          1.675790369702681,
          3.4520821760047453,
          3.204837642699109,
          -2.5092063029202905,
          0.10873786945956407,
          -6.472384937595968,
          2.206882374919245,
          -3.812451721739655,
          -4.584857028154716,
          -2.303902778628064,
          3.092039728109756,
          -0.4991879148911135,
          -2.189171996694015,
          -2.127738318292258,
          7.336687579541903,
          3.0208770788349195,
          -4.055626935136163
        ],
        [
          3.2276077636585945,
          3.8882762374681934,
          2.2115086775668695,
          1.4983957928247038,
          -3.8499119188405775,
          -10.32132424381237,
          8.37257467484152,
          0.6915370663999346,
          -7.872571917442966,
          5.4662643997754685,
          3.599395766637913,
          2.9423149017009718,
          -1.1400407911010775,
          3.9447119911661876,
          2.3685455235984745,
          4.638885793465561,
          -1.7601179038549768,
          0.7565669161837061,
          -4.3775067297422705,
          3.432045871060006,
          3.030106424875964,
          -6.1117874832995955,
          -4.053713065999759,
          -10.596296440012228,
          4.113069321956417,
          4.346751146354567,
          -5.5727918228490205,
          -2.3531512621600625,
          2.5018130164334718,
          -0.6060001062558974
        ],
        [
          -0.9211350455698242,
          0.8146999146950498,
          1.2791312639846348,
          0.20801693726462805,
          -5.719174241064727,
          0.588970902253735,
          -5.109281983242833,
          -4.002053638342177,
          -1.762207099670155,
          -0.8790310904511401,
          3.16195514341103,
          1.3584429099219668,
          -3.08509767418534,
          -0.785233190641425,
          -4.777771388925817,
          0.8640886354982293,
          -6.814235580703631,
          5.034219779516628,
          0.9240728490378398,
          0.8024666576851536,
          4.44915242743026,
          -1.0426064514005187,
          -6.126951950408827,
          -2.060458727277684,
          -9.994523147833174,
          2.9683870660488703,
          -6.098602217920961,
          -3.9806375488460763,
          3.4320107196741634,
          1.1108778619072825
        ],
        [
          -1.1671350366419548,
          -1.2096871190298333,
          -1.3150628949769054,
          6.530556034741245,
          -6.7040905818492105,
          4.943860161711003,
          1.6033853574113672,
          1.4215665513101245,
          -2.594758357543933,
          -3.9324182065685087,
          -0.9787227896712003,
          1.5829704949909504,
          -0.5543730265137043,
          4.96825763432333,
          0.7347555637082736,
          -4.805988437063908,
          -3.1945418028955435,
          -2.8210312904798567,
          2.233294349105571,
          0.72557944796323,
          -0.31571230566824354,
          2.657904990660273,
          1.343714508846352,
          6.679405979422397,
          -5.053033502339015,
          5.923052003056445,
          -6.688352432264062,
          -9.036433949641705,
          2.413305217678918,
          -5.3820216350869
        ],
        [
          0.006125646482475569,
          -1.1250579175034685,
          -2.310695661885919,
          -4.4214853052642145,
          3.3001974479390315,
          -3.474569466327999,
          -0.3962554837278222,
          -2.87802343790556,
          -2.710903078168616,
          -3.2217860714039466,
          0.7878599071651727,
          -7.698069228405387,
          -1.549163380867715,
          1.3677098832465775,
          -4.357921356893117,
          -3.145924989275893,
          1.8255003746521858,
          -10.732181211466514,
          -2.4248436988962965,
          -2.144703717886541,
          -4.647238479008614,
          -2.350463729543405,
          2.719495742174479,
          -3.2923872418161033,
          -0.43254933374442844,
          -2.008679318339144,
          -5.4870900795995885,
          -3.2694316424168983,
          5.420931406737037,
          -8.02630718515172
        ],
        [
          -2.4242749274079913,
          2.356365475953684,
          4.397010999006647,
          3.2546031151576007,
          -0.5834852701857113,
          1.3780664286696591,
          -1.0165202415862093,
          1.4345174821204223,
          -1.287864557283433,
          0.9600364190307566,
          -1.2947574736199776,
          -5.029031765788184,
          -8.458326397532124,
          4.695198221590478,
          -6.724601155084459,
          -0.3353304521793965,
          3.7659441814647847,
          -2.199922204991174,
          -2.585377688872824,
          -3.0554107693578327,
          -6.34998266881051,
          -1.934183254390208,
          5.716323413062846,
          0.16113886877877967,
          -6.654967794206212,
          -1.300243042564233,
          -3.320865303387554,
          -4.103070095437652,
          -0.6689188059361811,
          4.612666121965159
        ],
        [
          3.746578007563807,
          0.711103607185972,
          -9.330757706632076,
          -9.733022002695375,
          -0.4976291146606995,
          3.1073075840974917,
          2.0724657645230296,
          -1.0194696109700212,
          0.6745413675527164,
          3.781840427963219,
          -5.148242829705827,
          -2.320373600772977,
          0.15794624949317995,
          -0.9902231248967435,
          -3.517052364599624,
          -2.97082925310429,
          3.7785212320500285,
          1.2910670708614498,
          3.787099311983713,
          0.6061998312062151,
          5.00094801299774,
          3.4641764877497963,
          -7.093621389733259,
          -5.963661194824997,
          -0.5842882037855457,
          3.1279051007002194,
          -1.7183279455052565,
          3.62520858745889,
          -2.5732309455587643,
          -2.2652840796354465
        ],
        [
          -1.5563331315772542,
          -1.3499288413586088,
          -4.088145523630396,
          -4.030532542399771,
          -3.2926256361532062,
          -1.322493313501347,
          -0.7373121681985857,
          -0.7730362718231217,
          -3.8331668874607905,
          -2.5812163552212226,
          -5.398429744867665,
          -1.686919030846403,
          0.33004321875809944,
          0.2924358524024027,
          -5.462092174206703,
          -4.051293413633723,
          -4.335288220982173,
          -3.9758194813601184,
          1.378495350408254,
          0.012800775934608993,
          -4.026716197561961,
          -3.805056782434271,
          -2.156817202500449,
          -4.017401603908042,
          0.2549317808096829,
          0.4594044865595795,
          -3.745420819831565,
          -3.3597511749506546,
          -3.0260878974815073,
          -0.9327628905326875
        ],
        [
          0.27214827524671936,
          -2.1608914407631072,
          4.804045586655794,
          5.157741929838787,
          -1.9134731576150157,
          -2.923542262141848,
          1.6766116516202745,
          -3.0606734140397407,
          -1.780212084358597,
          -0.3562881654118647,
          -3.881298959507683,
          0.246015576065212,
          -0.9059223931097901,
          2.4982219975154543,
          -1.7189988009330166,
          -5.594402952300474,
          0.152263560008682,
          1.9698033627318143,
          -0.10460725055752906,
          1.0842011084001213,
          -7.703829246160801,
          -4.3808663449796486,
          6.7986488810547145,
          -1.5902981536271625,
          2.7266663757448297,
          7.071110157738992,
          0.3775539960828352,
          -6.344065892396487,
          -5.1130596865976345,
          1.0290022128406138
        ],
        [
          1.0221755224253821,
          0.9291887295970157,
          -2.013022343790272,
          -3.3409286616369362,
          -4.385584370940142,
          -3.717429920186138,
          1.1086489968079514,
          -0.7758614612520449,
          -4.675297856804179,
          -0.20757827994348607,
          -3.3057136366216593,
          -1.4393117814552416,
          0.4089330251921553,
          -0.13585647343319984,
          -4.4382685191589015,
          -7.17931914663859,
          -8.624471343379948,
          -5.893219345317581,
          0.27612076969672406,
          -0.8244737570379501,
          0.7453404988598504,
          3.727451263697596,
          2.842289976742352,
          3.9442321681034653,
          0.02060705778015338,
          2.6455123299567447,
          2.6094810265706103,
          8.213289904810638,
          5.404164866804924,
          5.107811910360754
        ],
        [
          0.4824992525982233,
          1.245802202715476,
          -2.4429591453435253,
          -1.4746613802684447,
          -4.0554851461089125,
          4.995904375881034,
          -2.1208771348841715,
          0.5878265266468009,
          -2.3954491882965776,
          -2.7282085746443365,
          -4.716709121233678,
          3.1923963985573582,
          -1.0391988060061912,
          1.7610873286304547,
          0.05709527970749786,
          -3.6621509835252914,
          -9.073943937879942,
          3.09063839130822,
          -0.04445838916293831,
          -1.1147319435280172,
          0.6095293224812163,
          -1.297249763650835,
          -9.707465978946079,
          10.300537316735449,
          -0.7446406317940526,
          0.0019802569482201453,
          -2.6358619681674615,
          -1.9658986295443033,
          -0.7222264567698925,
          -1.547147178644385
        ],
        [
          -4.880743674482848,
          -2.482776449037028,
          -1.1965025036998629,
          -3.3861614137862808,
          -8.386405203070282,
          -3.9435256409984722,
          1.2727465134914608,
          2.799231344205322,
          4.9508659557920485,
          -2.8969468888366574,
          0.3873574164267405,
          -5.320657662604975,
          3.759428113594005,
          -4.661526892692329,
          -0.3674180189311479,
          0.7118025967618826,
          4.828894500687128,
          3.349786205828792,
          -1.8148704431383385,
          -0.6521126635923028,
          -10.323407499908129,
          -6.240812330602687,
          -1.1924449194272562,
          -4.085277356232991,
          5.214631963122689,
          -0.11789366414350624,
          0.3839116439840885,
          5.448525455898479,
          -3.4619242495419256,
          3.3445272048453845
        ],
        [
          -2.6473715275903875,
          -1.4204860504764523,
          1.8338983278460808,
          3.0031333442135413,
          1.3182959348335757,
          -4.488149612346744,
          -2.3895967924213237,
          -3.3076158769971715,
          5.990333125294577,
          1.3419805463912897,
          9.157433791384046,
          -2.862275185001224,
          1.2871003660639386,
          -1.8044104293897838,
          -2.2101465581697206,
          -4.421056911385951,
          -1.9211632771287757,
          3.597504696122982,
          -1.5217876872224856,
          -3.8404304848821655,
          6.589614052189377,
          7.871986375283771,
          5.063110184913336,
          -5.527501385555894,
          -4.497852909199065,
          -0.4549351755835643,
          -6.118198427288014,
          -1.60068119144596,
          -8.026784464377714,
          5.038763812315002
        ],
        [
          3.796374749404883,
          -3.497002324111721,
          0.9294224574750416,
          0.585197301979425,
          -6.412532118299016,
          -0.9472363827262554,
          0.8090001527783043,
          -3.165415260538972,
          -3.606976778286459,
          0.5847453124578647,
          -4.251770516097223,
          0.6497044178222846,
          0.6661378949248962,
          -2.2773760372904164,
          2.683284498224294,
          0.15886669335525774,
          3.995398357149904,
          -1.4707471785813566,
          1.8346988180145636,
          -8.554379720090276,
          -1.3106005780637071,
          -0.592492383105683,
          -4.865509849385231,
          0.44282668561963245,
          -1.8228660347056536,
          -1.8049877388739284,
          -0.7630701997231506,
          2.9854035381243706,
          7.3138874292511735,
          1.5893124583094496
        ],
        [
          0.8467123431395499,
          -1.4375001988060103,
          4.482005425717274,
          -2.7965936202181596,
          -2.535999840710363,
          -2.861131125376998,
          2.326473025197062,
          -4.4544701391524075,
          4.298786328702362,
          -6.071425146200745,
          -2.7724751885450516,
          -4.05771171833632,
          0.23195715170186892,
          0.7925185964431738,
          2.6593251538432146,
          -7.569210539500604,
          -3.153237733633385,
          -6.361563616265698,
          -0.6048853056393122,
          0.72912373651226,
          7.004700874847844,
          1.764948952941857E-4,
          -3.382766591574689,
          -0.4344412477834536,
          -1.5270287392729944,
          1.1415804975996373,
          6.876034980670665,
          -0.20110970891508026,
          -1.9907503712187369,
          -4.2499416757602635
        ],
        [
          1.6779946352257051,
          4.7860855143326155,
          -1.417085467422519,
          -4.591563370762951,
          -4.912017027450903,
          -3.4883110391066507,
          0.9436771400772845,
          1.6072807266201525,
          -5.847997251209579,
          -7.307238066728316,
          -5.032581186019033,
          -5.717979396132967,
          1.766145813992396,
          -0.1070959314952927,
          5.273967349711093,
          2.933759982590317,
          2.66166039799466,
          5.326118138296224,
          0.16863242596227032,
          2.9777311394295083,
          1.8655888775267877,
          7.093438535497965,
          0.5633267062900885,
          1.690804051767508,
          2.491049691753972,
          0.09098700512708854,
          -4.924505857345783,
          -4.21719726631091,
          -3.989084113751739,
          -5.111453026210479
        ],
        [
          0.7373628037571706,
          0.614998772511265,
          3.865270934225596,
          -3.7701597640158395,
          8.62229761115217,
          -10.89608975981818,
          -0.11183655584854728,
          -0.23794622623032435,
          -0.101669213739977,
          0.7704491278368615,
          -0.9783616758593382,
          1.16644034526664,
          0.48002059329044694,
          1.1640378622381968,
          -0.9656484134077085,
          -4.032379976833835,
          0.9014136046332747,
          -2.820163205166055,
          -2.886189910619169,
          -0.3134849151989054,
          -1.7564295168670363,
          5.289865386427892,
          -8.875014827447936,
          9.254185447264131,
          -3.3644705771870047,
          -0.13097839802304706,
          3.8204174352908415,
          -3.5876765175587577,
          1.2306251715290621,
          -7.297000085581896
        ],
        [
          -7.923005503973034,
          4.03482209898955,
          -0.4893514289122035,
          4.015884515194787,
          -7.512456174031781,
          -2.5553988483375076,
          -4.139335390598806,
          3.0969642464208107,
          -6.329355721790941,
          4.151370512186404,
          1.9382571238035609,
          -1.8826456051587857,
          -2.924232189610714,
          -4.774900803339703,
          3.3061593460535885,
          -4.530966751474266,
          3.1583674203481533,
          -1.7769702412856139,
          -2.339456629584687,
          -1.6627258701456298,
          -3.2401796010286676,
          -4.269772270900216,
          -0.5722681798226481,
          -5.8072162873451125,
          -1.2717404121008846,
          -2.6911472533237193,
          0.5637360358400995,
          0.027259154977679993,
          -0.40530477450246344,
          0.11886397875736861
        ],
        [
          -6.9862686434700185,
          -0.8834966175253759,
          3.2594895790613276,
          -3.744158388219992,
          -5.3798361707852544,
          0.28587618502517914,
          -11.23978064927613,
          0.34534094400399007,
          0.25992625043422485,
          -1.1203630264108253,
          -2.4855675074681387,
          -0.2553448343174262,
          2.488331475596857,
          0.16185650620875391,
          -8.871982027124858,
          -3.530682922547526,
          4.504519751627248,
          -3.7779851682359173,
          0.28459334673995834,
          -2.008545382947955,
          0.7132701192733212,
          1.201592289313952,
          5.049729522008252,
          0.3034914162809237,
          -3.9523245476750706,
          -0.5222895281838753,
          0.9441640888118052,
          -0.27826256205874106,
          0.8189951547703622,
          -0.21162540974513913
        ],
        [
          2.760987828478742,
          0.9494847704174402,
          -6.662244191460606,
          -1.8628507056035275,
          -7.433672740052124,
          -0.540827426727521,
          -1.6670040233863754,
          -1.1548574340673645,
          1.5220614375285961,
          1.6133727524713675,
          3.453305296521415,
          -2.400192109092933,
          -4.532143240625703,
          2.4334170566749145,
          1.4369361273400723,
          -6.5420622025113895,
          0.8307711986472747,
          -1.458164568129466,
          0.2715683556274022,
          1.2804370268864564,
          -0.47485933368521616,
          -5.501264156229526,
          -4.480926460231958,
          1.7524950925349325,
          -1.517146665506779,
          -2.485187237899497,
          8.137044391651884,
          -1.4412521035162524,
          -7.249138026621641,
          -7.537841826560176
        ],
        [
          -2.2486300135703736,
          0.8697953581716104,
          1.4434258648676042,
          10.275271879236055,
          8.948533366668647,
          -4.11847161996894,
          -0.26068768004450943,
          1.225899636184286,
          0.5399581969970951,
          -1.5784124828222752,
          -3.709513253797244,
          0.8237450298475912,
          -0.1610296131500008,
          -0.7239271415779586,
          -0.9690137738184205,
          -2.144140298236487,
          -2.2397536351016636,
          1.790501773303249,
          -0.2742880984783,
          -0.09185007964648492,
          -0.06992272750246123,
          -8.271842672027743,
          -10.843713679502935,
          3.200984261301121,
          0.5954782731820666,
          -0.7961503991958784,
          -0.5078955569975044,
          -3.6148303281993517,
          -2.2168487104811514,
          2.430648296638247
        ],
        [
          2.1757960396567335,
          0.8445960752021975,
          -4.250054136927657,
          -4.512803442119566,
          1.6426461027919514,
          1.7377872223443225,
          -2.530782108438573,
          0.8307613935445344,
          -7.725214110912421,
          -6.338945141275438,
          5.243450112256148,
          3.3839933256253683,
          -0.47563757013681696,
          -0.25552347444186124,
          3.703260147900924,
          3.3850043904717135,
          -2.8384333211994077,
          -2.436718379469131,
          1.6128595090577165,
          0.153368450792967,
          -4.923297170021979,
          -4.976292135507024,
          0.9115886238606679,
          2.517952575869745,
          -2.692276357685924,
          0.7593649428328103,
          7.706131061511214,
          6.985292693715315,
          -4.1999537327505845,
          -3.5317676433374516
        ],
        [
          1.2581750310152116,
          -0.29171170526946677,
          3.589493639747835,
          3.7883381212898586,
          -3.221083115276661,
          -1.5327384611379293,
          -3.5509611450808465,
          -2.189936788926391,
          -2.8960111556465398,
          5.070675077757738,
          -6.218072444052797,
          -4.045757521850897,
          -7.376858149614024,
          -2.019396879252117,
          -4.900803564507502,
          0.5143689681233936,
          -4.177291877024416,
          -5.299753444935598,
          1.1963132916837138,
          -1.9376609240586058,
          -0.46498123586932233,
          8.65613526692754,
          -1.2857129099834617,
          -1.6087673371957072,
          -7.246396598054445,
          -0.0968169765821065,
          -4.166496791651333,
          3.2856813360370416,
          -0.5305153280037209,
          -3.458525970728957
        ],
        [
          -1.9430967440731817,
          -2.0634807663536043,
          0.5456500270796818,
          -5.102160038423799,
          2.3323315799084514,
          -2.718349219275028,
          -0.32598888589312564,
          -1.707290783639212,
          -0.018547964682535414,
          0.1390572077011788,
          0.4783201514458692,
          -1.102708037178205,
          1.6267904517842644,
          0.07888519936411346,
          3.300072228093889,
          -3.343778025391141,
          8.820413152208141,
          -8.283775946155426,
          -0.5206320022160413,
          -1.2760474956175196,
          -0.526835831485033,
          -0.5424570027660923,
          -2.755972722113875,
          2.650475534083251,
          0.32354255462523457,
          -0.4699499809080924,
          -4.040814693095383,
          1.9936077380842208,
          -9.64490641537639,
          8.634076285150005
        ],
        [
          -3.7106448091346773,
          -4.032307742973293,
          -1.7072199150521596,
          -4.101542409953413,
          -0.7227481926306281,
          -6.454894381556184,
          2.9392792518646926,
          -6.047640267617312,
          -3.6980881186527013,
          2.3242465275873814,
          -4.7270942006564,
          -1.8764075747606133,
          0.046458238719225935,
          1.767791753704842,
          -0.7369304695497273,
          4.010397222574136,
          -2.845483256300498,
          -0.3773626835509303,
          -0.9720409544552631,
          -0.157528029423365,
          4.260919112652733,
          -2.0479970878655567,
          11.408484680641427,
          3.0393854047690723,
          -2.796509899723201,
          -4.182780741701448,
          2.2012163546051,
          0.3515739785373894,
          -0.6258580908606302,
          -1.2122315381450441
        ],
        [
          -1.7492359120310643,
          -2.5098026133672704,
          1.0471846849395599,
          0.8828709005385502,
          -6.9728311292636365,
          6.447938105693997,
          -0.2515516189851777,
          1.9138590537030775,
          -1.4276539853554813,
          0.20145113996133332,
          6.329811921477953,
          -8.113610028285073,
          1.5155830911124375,
          0.887387362004672,
          -3.349533545899458,
          1.2485624606623538,
          1.5574604527614178,
          -3.653842490449756,
          -2.23452222157544,
          0.2237820525990739,
          0.5853262365459125,
          0.4025606838534824,
          -6.905966368437993,
          6.706343738785149,
          0.7567789539516083,
          1.6143620326273798,
          -2.876127605463744,
          -0.29262277807556186,
          3.77395007331538,
          -4.7720604065684515
        ],
        [
          -1.1659511162519136,
          -2.7685025002133785,
          4.270951846858395,
          -6.201114226179373,
          0.75988744827294,
          -2.431711156751355,
          1.064146955286285,
          1.9554387802060165,
          2.1689082493517646,
          -9.058966390523546,
          -0.7050507185940943,
          0.03995798553053181,
          0.3009322345420899,
          0.41776230774376316,
          1.8212787485848485,
          -9.942041845686264,
          2.7134702103926593,
          1.1638314340189255,
          -0.45177759111273486,
          -2.6612955255182147,
          3.2191417907984006,
          -9.192444990632076,
          3.317120878108454,
          3.9508268302696057,
          -2.5501860964387477,
          0.6287457584000201,
          2.0275490048382205,
          -9.235239943324961,
          -1.020156339109905,
          2.524633844208131
        ],
        [
          0.29471652927120473,
          -2.1523101726640825,
          -4.551917619554714,
          2.4338548186938205,
          -6.623690751283371,
          -5.905949233618798,
          1.3146803588368257,
          -1.5779650324455403,
          -0.22441968540313872,
          -4.937590496362064,
          -1.1639949362670077,
          -0.1042948703809698,
          0.42998164222029733,
          -1.9712879958550575,
          1.4475934777018276,
          1.5672023264819224,
          3.5390753718385173,
          -0.4477596427841861,
          2.684463603887464,
          3.0954202032595464,
          -4.0543862818808085,
          -0.6501699428492472,
          -2.0570822713467067,
          -6.901227725063867,
          0.4251932376397701,
          -2.9511383448746424,
          8.737070762282302,
          -0.7878950678610305,
          3.8831575687770292,
          10.623190943673375
        ],
        [
          3.109824479759457,
          -1.7259879173716632,
          0.6904930050038797,
          2.3803048054184965,
          0.29792404177022275,
          0.6454065394518058,
          5.461557148193773,
          1.6107165952644222,
          -0.35225935230879263,
          -0.4263950247703702,
          5.989808590797153,
          -1.7486976872814501,
          2.2149114911034244,
          -4.485924715430498,
          1.3253038534746548,
          3.5167608511263544,
          -9.555363658917685,
          4.057740214292026,
          1.2953872549327907,
          -0.8863291490060173,
          -6.109901774780999,
          1.491384934678192,
          1.454733181013077,
          -4.6181316764701466,
          -1.539941693178726,
          -4.593730716647034,
          1.8998807729561553,
          -3.042784986338583,
          -3.436722355634693,
          2.568494250953163
        ],
        [
          0.7775190886717538,
          -2.1084855914824505,
          2.6355147570222623,
          -0.3482247261306898,
          3.425259360339283,
          4.0261509015538675,
          1.7908855527435072,
          -1.2461268635639597,
          -5.828871259896343,
          -2.7016382425961996,
          -2.4330898493762465,
          -2.541175965887201,
          -2.1645071370160656,
          -0.9449002388681176,
          3.7911212151103704,
          -3.371791761066976,
          -6.567671874800299,
          2.281054487091749,
          2.063500312862723,
          -9.280696047100312,
          -1.2935803716301424,
          2.268718528607491,
          -1.3805554323269802,
          0.8828933459552002,
          -1.237850227000586,
          -8.319475540492022,
          -10.357672304001856,
          -1.7266452141005701,
          -1.591473613985723,
          -4.820467101018916
        ],
        [
          4.021269423372225,
          -5.320601888680405,
          -2.2928625629810657,
          6.114348902795531,
          -5.855581576895461,
          -0.4289739458076464,
          6.23646174857519,
          -5.71960797749387,
          -7.192676961822885,
          -5.352640043113875,
          -1.6079534444182377,
          1.039736497753448,
          -4.32539850229136,
          0.33853305082218393,
          1.8726314733460159,
          3.2877059264487345,
          -3.392804522677831,
          7.625545588910918,
          3.2324841337206496,
          -3.457955240823007,
          -2.6710103894660824,
          5.098702288528864,
          1.140081299051313,
          0.40192183654296665,
          -5.015181723904319,
          2.697709358236806,
          2.7317415176882007,
          0.706449713112311,
          -4.400583461424054,
          -1.585189656147628
        ],
        [
          -0.5836296645009927,
          1.4447589637196847,
          -0.9682109257050302,
          1.0209658039992797,
          -4.784836445513955,
          -2.627232230777107,
          0.4811486196408941,
          2.8102730798780433,
          1.2099755389479732,
          4.721034159019957,
          -1.8824659620034856,
          -9.437548828696407,
          4.0513733063793955,
          -0.7206375228154891,
          4.372747101002021,
          4.042999484202284,
          -4.71109785382484,
          -6.935609842885878,
          -2.9376178167213736,
          -3.408501188197145,
          -1.093382762288609,
          2.353376709003575,
          -5.110959196407651,
          -4.141612605561025,
          2.885888264782547,
          0.17363408778650846,
          1.5569683770732776,
          6.3603779793526725,
          -3.3954928008099254,
          -4.034931084319316
        ]
      ],
      "nablaW": [
        [
          0.0,
          0.0,
          0.0,
          0.0,
          0.0,
          0.0,
          0.0,
          0.0,
          0.0,
          0.0,
          0.0,
          0.0,
          0.0,
          0.0,
          0.0,
          0.0,
          0.0,
          0.0,
          0.0,
          0.0,
          0.0,
          0.0,
          0.0,
          0.0,
          0.0,
          0.0,
          0.0,
          0.0,
          0.0,
          0.0
        ],
        [
          0.0,
          0.0,
          0.0,
          0.0,
          0.0,
          0.0,
          0.0,
          0.0,
          0.0,
          0.0,
          0.0,
          0.0,
          0.0,
          0.0,
          0.0,
          0.0,
          0.0,
          0.0,
          0.0,
          0.0,
          0.0,
          0.0,
          0.0,
          0.0,
          0.0,
          0.0,
          0.0,
          0.0,
          0.0,
          0.0
        ],
        [
          0.0,
          0.0,
          0.0,
          0.0,
          0.0,
          0.0,
          0.0,
          0.0,
          0.0,
          0.0,
          0.0,
          0.0,
          0.0,
          0.0,
          0.0,
          0.0,
          0.0,
          0.0,
          0.0,
          0.0,
          0.0,
          0.0,
          0.0,
          0.0,
          0.0,
          0.0,
          0.0,
          0.0,
          0.0,
          0.0
        ],
        [
          0.0,
          0.0,
          0.0,
          0.0,
          0.0,
          0.0,
          0.0,
          0.0,
          0.0,
          0.0,
          0.0,
          0.0,
          0.0,
          0.0,
          0.0,
          0.0,
          0.0,
          0.0,
          0.0,
          0.0,
          0.0,
          0.0,
          0.0,
          0.0,
          0.0,
          0.0,
          0.0,
          0.0,
          0.0,
          0.0
        ],
        [
          0.0,
          0.0,
          0.0,
          0.0,
          0.0,
          0.0,
          0.0,
          0.0,
          0.0,
          0.0,
          0.0,
          0.0,
          0.0,
          0.0,
          0.0,
          0.0,
          0.0,
          0.0,
          0.0,
          0.0,
          0.0,
          0.0,
          0.0,
          0.0,
          0.0,
          0.0,
          0.0,
          0.0,
          0.0,
          0.0
        ],
        [
          0.0,
          0.0,
          0.0,
          0.0,
          0.0,
          0.0,
          0.0,
          0.0,
          0.0,
          0.0,
          0.0,
          0.0,
          0.0,
          0.0,
          0.0,
          0.0,
          0.0,
          0.0,
          0.0,
          0.0,
          0.0,
          0.0,
          0.0,
          0.0,
          0.0,
          0.0,
          0.0,
          0.0,
          0.0,
          0.0
        ],
        [
          0.0,
          0.0,
          0.0,
          0.0,
          0.0,
          0.0,
          0.0,
          0.0,
          0.0,
          0.0,
          0.0,
          0.0,
          0.0,
          0.0,
          0.0,
          0.0,
          0.0,
          0.0,
          0.0,
          0.0,
          0.0,
          0.0,
          0.0,
          0.0,
          0.0,
          0.0,
          0.0,
          0.0,
          0.0,
          0.0
        ],
        [
          0.0,
          0.0,
          0.0,
          0.0,
          0.0,
          0.0,
          0.0,
          0.0,
          0.0,
          0.0,
          0.0,
          0.0,
          0.0,
          0.0,
          0.0,
          0.0,
          0.0,
          0.0,
          0.0,
          0.0,
          0.0,
          0.0,
          0.0,
          0.0,
          0.0,
          0.0,
          0.0,
          0.0,
          0.0,
          0.0
        ],
        [
          0.0,
          0.0,
          0.0,
          0.0,
          0.0,
          0.0,
          0.0,
          0.0,
          0.0,
          0.0,
          0.0,
          0.0,
          0.0,
          0.0,
          0.0,
          0.0,
          0.0,
          0.0,
          0.0,
          0.0,
          0.0,
          0.0,
          0.0,
          0.0,
          0.0,
          0.0,
          0.0,
          0.0,
          0.0,
          0.0
        ],
        [
          0.0,
          0.0,
          0.0,
          0.0,
          0.0,
          0.0,
          0.0,
          0.0,
          0.0,
          0.0,
          0.0,
          0.0,
          0.0,
          0.0,
          0.0,
          0.0,
          0.0,
          0.0,
          0.0,
          0.0,
          0.0,
          0.0,
          0.0,
          0.0,
          0.0,
          0.0,
          0.0,
          0.0,
          0.0,
          0.0
        ],
        [
          0.0,
          0.0,
          0.0,
          0.0,
          0.0,
          0.0,
          0.0,
          0.0,
          0.0,
          0.0,
          0.0,
          0.0,
          0.0,
          0.0,
          0.0,
          0.0,
          0.0,
          0.0,
          0.0,
          0.0,
          0.0,
          0.0,
          0.0,
          0.0,
          0.0,
          0.0,
          0.0,
          0.0,
          0.0,
          0.0
        ],
        [
          0.0,
          0.0,
          0.0,
          0.0,
          0.0,
          0.0,
          0.0,
          0.0,
          0.0,
          0.0,
          0.0,
          0.0,
          0.0,
          0.0,
          0.0,
          0.0,
          0.0,
          0.0,
          0.0,
          0.0,
          0.0,
          0.0,
          0.0,
          0.0,
          0.0,
          0.0,
          0.0,
          0.0,
          0.0,
          0.0
        ],
        [
          0.0,
          0.0,
          0.0,
          0.0,
          0.0,
          0.0,
          0.0,
          0.0,
          0.0,
          0.0,
          0.0,
          0.0,
          0.0,
          0.0,
          0.0,
          0.0,
          0.0,
          0.0,
          0.0,
          0.0,
          0.0,
          0.0,
          0.0,
          0.0,
          0.0,
          0.0,
          0.0,
          0.0,
          0.0,
          0.0
        ],
        [
          0.0,
          0.0,
          0.0,
          0.0,
          0.0,
          0.0,
          0.0,
          0.0,
          0.0,
          0.0,
          0.0,
          0.0,
          0.0,
          0.0,
          0.0,
          0.0,
          0.0,
          0.0,
          0.0,
          0.0,
          0.0,
          0.0,
          0.0,
          0.0,
          0.0,
          0.0,
          0.0,
          0.0,
          0.0,
          0.0
        ],
        [
          0.0,
          0.0,
          0.0,
          0.0,
          0.0,
          0.0,
          0.0,
          0.0,
          0.0,
          0.0,
          0.0,
          0.0,
          0.0,
          0.0,
          0.0,
          0.0,
          0.0,
          0.0,
          0.0,
          0.0,
          0.0,
          0.0,
          0.0,
          0.0,
          0.0,
          0.0,
          0.0,
          0.0,
          0.0,
          0.0
        ],
        [
          0.0,
          0.0,
          0.0,
          0.0,
          0.0,
          0.0,
          0.0,
          0.0,
          0.0,
          0.0,
          0.0,
          0.0,
          0.0,
          0.0,
          0.0,
          0.0,
          0.0,
          0.0,
          0.0,
          0.0,
          0.0,
          0.0,
          0.0,
          0.0,
          0.0,
          0.0,
          0.0,
          0.0,
          0.0,
          0.0
        ],
        [
          0.0,
          0.0,
          0.0,
          0.0,
          0.0,
          0.0,
          0.0,
          0.0,
          0.0,
          0.0,
          0.0,
          0.0,
          0.0,
          0.0,
          0.0,
          0.0,
          0.0,
          0.0,
          0.0,
          0.0,
          0.0,
          0.0,
          0.0,
          0.0,
          0.0,
          0.0,
          0.0,
          0.0,
          0.0,
          0.0
        ],
        [
          0.0,
          0.0,
          0.0,
          0.0,
          0.0,
          0.0,
          0.0,
          0.0,
          0.0,
          0.0,
          0.0,
          0.0,
          0.0,
          0.0,
          0.0,
          0.0,
          0.0,
          0.0,
          0.0,
          0.0,
          0.0,
          0.0,
          0.0,
          0.0,
          0.0,
          0.0,
          0.0,
          0.0,
          0.0,
          0.0
        ],
        [
          0.0,
          0.0,
          0.0,
          0.0,
          0.0,
          0.0,
          0.0,
          0.0,
          0.0,
          0.0,
          0.0,
          0.0,
          0.0,
          0.0,
          0.0,
          0.0,
          0.0,
          0.0,
          0.0,
          0.0,
          0.0,
          0.0,
          0.0,
          0.0,
          0.0,
          0.0,
          0.0,
          0.0,
          0.0,
          0.0
        ],
        [
          0.0,
          0.0,
          0.0,
          0.0,
          0.0,
          0.0,
          0.0,
          0.0,
          0.0,
          0.0,
          0.0,
          0.0,
          0.0,
          0.0,
          0.0,
          0.0,
          0.0,
          0.0,
          0.0,
          0.0,
          0.0,
          0.0,
          0.0,
          0.0,
          0.0,
          0.0,
          0.0,
          0.0,
          0.0,
          0.0
        ],
        [
          0.0,
          0.0,
          0.0,
          0.0,
          0.0,
          0.0,
          0.0,
          0.0,
          0.0,
          0.0,
          0.0,
          0.0,
          0.0,
          0.0,
          0.0,
          0.0,
          0.0,
          0.0,
          0.0,
          0.0,
          0.0,
          0.0,
          0.0,
          0.0,
          0.0,
          0.0,
          0.0,
          0.0,
          0.0,
          0.0
        ],
        [
          0.0,
          0.0,
          0.0,
          0.0,
          0.0,
          0.0,
          0.0,
          0.0,
          0.0,
          0.0,
          0.0,
          0.0,
          0.0,
          0.0,
          0.0,
          0.0,
          0.0,
          0.0,
          0.0,
          0.0,
          0.0,
          0.0,
          0.0,
          0.0,
          0.0,
          0.0,
          0.0,
          0.0,
          0.0,
          0.0
        ],
        [
          0.0,
          0.0,
          0.0,
          0.0,
          0.0,
          0.0,
          0.0,
          0.0,
          0.0,
          0.0,
          0.0,
          0.0,
          0.0,
          0.0,
          0.0,
          0.0,
          0.0,
          0.0,
          0.0,
          0.0,
          0.0,
          0.0,
          0.0,
          0.0,
          0.0,
          0.0,
          0.0,
          0.0,
          0.0,
          0.0
        ],
        [
          0.0,
          0.0,
          0.0,
          0.0,
          0.0,
          0.0,
          0.0,
          0.0,
          0.0,
          0.0,
          0.0,
          0.0,
          0.0,
          0.0,
          0.0,
          0.0,
          0.0,
          0.0,
          0.0,
          0.0,
          0.0,
          0.0,
          0.0,
          0.0,
          0.0,
          0.0,
          0.0,
          0.0,
          0.0,
          0.0
        ],
        [
          0.0,
          0.0,
          0.0,
          0.0,
          0.0,
          0.0,
          0.0,
          0.0,
          0.0,
          0.0,
          0.0,
          0.0,
          0.0,
          0.0,
          0.0,
          0.0,
          0.0,
          0.0,
          0.0,
          0.0,
          0.0,
          0.0,
          0.0,
          0.0,
          0.0,
          0.0,
          0.0,
          0.0,
          0.0,
          0.0
        ],
        [
          0.0,
          0.0,
          0.0,
          0.0,
          0.0,
          0.0,
          0.0,
          0.0,
          0.0,
          0.0,
          0.0,
          0.0,
          0.0,
          0.0,
          0.0,
          0.0,
          0.0,
          0.0,
          0.0,
          0.0,
          0.0,
          0.0,
          0.0,
          0.0,
          0.0,
          0.0,
          0.0,
          0.0,
          0.0,
          0.0
        ],
        [
          0.0,
          0.0,
          0.0,
          0.0,
          0.0,
          0.0,
          0.0,
          0.0,
          0.0,
          0.0,
          0.0,
          0.0,
          0.0,
          0.0,
          0.0,
          0.0,
          0.0,
          0.0,
          0.0,
          0.0,
          0.0,
          0.0,
          0.0,
          0.0,
          0.0,
          0.0,
          0.0,
          0.0,
          0.0,
          0.0
        ],
        [
          0.0,
          0.0,
          0.0,
          0.0,
          0.0,
          0.0,
          0.0,
          0.0,
          0.0,
          0.0,
          0.0,
          0.0,
          0.0,
          0.0,
          0.0,
          0.0,
          0.0,
          0.0,
          0.0,
          0.0,
          0.0,
          0.0,
          0.0,
          0.0,
          0.0,
          0.0,
          0.0,
          0.0,
          0.0,
          0.0
        ],
        [
          0.0,
          0.0,
          0.0,
          0.0,
          0.0,
          0.0,
          0.0,
          0.0,
          0.0,
          0.0,
          0.0,
          0.0,
          0.0,
          0.0,
          0.0,
          0.0,
          0.0,
          0.0,
          0.0,
          0.0,
          0.0,
          0.0,
          0.0,
          0.0,
          0.0,
          0.0,
          0.0,
          0.0,
          0.0,
          0.0
        ],
        [
          0.0,
          0.0,
          0.0,
          0.0,
          0.0,
          0.0,
          0.0,
          0.0,
          0.0,
          0.0,
          0.0,
          0.0,
          0.0,
          0.0,
          0.0,
          0.0,
          0.0,
          0.0,
          0.0,
          0.0,
          0.0,
          0.0,
          0.0,
          0.0,
          0.0,
          0.0,
          0.0,
          0.0,
          0.0,
          0.0
        ],
        [
          0.0,
          0.0,
          0.0,
          0.0,
          0.0,
          0.0,
          0.0,
          0.0,
          0.0,
          0.0,
          0.0,
          0.0,
          0.0,
          0.0,
          0.0,
          0.0,
          0.0,
          0.0,
          0.0,
          0.0,
          0.0,
          0.0,
          0.0,
          0.0,
          0.0,
          0.0,
          0.0,
          0.0,
          0.0,
          0.0
        ],
        [
          0.0,
          0.0,
          0.0,
          0.0,
          0.0,
          0.0,
          0.0,
          0.0,
          0.0,
          0.0,
          0.0,
          0.0,
          0.0,
          0.0,
          0.0,
          0.0,
          0.0,
          0.0,
          0.0,
          0.0,
          0.0,
          0.0,
          0.0,
          0.0,
          0.0,
          0.0,
          0.0,
          0.0,
          0.0,
          0.0
        ],
        [
          0.0,
          0.0,
          0.0,
          0.0,
          0.0,
          0.0,
          0.0,
          0.0,
          0.0,
          0.0,
          0.0,
          0.0,
          0.0,
          0.0,
          0.0,
          0.0,
          0.0,
          0.0,
          0.0,
          0.0,
          0.0,
          0.0,
          0.0,
          0.0,
          0.0,
          0.0,
          0.0,
          0.0,
          0.0,
          0.0
        ],
        [
          0.0,
          0.0,
          0.0,
          0.0,
          0.0,
          0.0,
          0.0,
          0.0,
          0.0,
          0.0,
          0.0,
          0.0,
          0.0,
          0.0,
          0.0,
          0.0,
          0.0,
          0.0,
          0.0,
          0.0,
          0.0,
          0.0,
          0.0,
          0.0,
          0.0,
          0.0,
          0.0,
          0.0,
          0.0,
          0.0
        ],
        [
          0.0,
          0.0,
          0.0,
          0.0,
          0.0,
          0.0,
          0.0,
          0.0,
          0.0,
          0.0,
          0.0,
          0.0,
          0.0,
          0.0,
          0.0,
          0.0,
          0.0,
          0.0,
          0.0,
          0.0,
          0.0,
          0.0,
          0.0,
          0.0,
          0.0,
          0.0,
          0.0,
          0.0,
          0.0,
          0.0
        ],
        [
          0.0,
          0.0,
          0.0,
          0.0,
          0.0,
          0.0,
          0.0,
          0.0,
          0.0,
          0.0,
          0.0,
          0.0,
          0.0,
          0.0,
          0.0,
          0.0,
          0.0,
          0.0,
          0.0,
          0.0,
          0.0,
          0.0,
          0.0,
          0.0,
          0.0,
          0.0,
          0.0,
          0.0,
          0.0,
          0.0
        ],
        [
          0.0,
          0.0,
          0.0,
          0.0,
          0.0,
          0.0,
          0.0,
          0.0,
          0.0,
          0.0,
          0.0,
          0.0,
          0.0,
          0.0,
          0.0,
          0.0,
          0.0,
          0.0,
          0.0,
          0.0,
          0.0,
          0.0,
          0.0,
          0.0,
          0.0,
          0.0,
          0.0,
          0.0,
          0.0,
          0.0
        ],
        [
          0.0,
          0.0,
          0.0,
          0.0,
          0.0,
          0.0,
          0.0,
          0.0,
          0.0,
          0.0,
          0.0,
          0.0,
          0.0,
          0.0,
          0.0,
          0.0,
          0.0,
          0.0,
          0.0,
          0.0,
          0.0,
          0.0,
          0.0,
          0.0,
          0.0,
          0.0,
          0.0,
          0.0,
          0.0,
          0.0
        ],
        [
          0.0,
          0.0,
          0.0,
          0.0,
          0.0,
          0.0,
          0.0,
          0.0,
          0.0,
          0.0,
          0.0,
          0.0,
          0.0,
          0.0,
          0.0,
          0.0,
          0.0,
          0.0,
          0.0,
          0.0,
          0.0,
          0.0,
          0.0,
          0.0,
          0.0,
          0.0,
          0.0,
          0.0,
          0.0,
          0.0
        ],
        [
          0.0,
          0.0,
          0.0,
          0.0,
          0.0,
          0.0,
          0.0,
          0.0,
          0.0,
          0.0,
          0.0,
          0.0,
          0.0,
          0.0,
          0.0,
          0.0,
          0.0,
          0.0,
          0.0,
          0.0,
          0.0,
          0.0,
          0.0,
          0.0,
          0.0,
          0.0,
          0.0,
          0.0,
          0.0,
          0.0
        ],
        [
          0.0,
          0.0,
          0.0,
          0.0,
          0.0,
          0.0,
          0.0,
          0.0,
          0.0,
          0.0,
          0.0,
          0.0,
          0.0,
          0.0,
          0.0,
          0.0,
          0.0,
          0.0,
          0.0,
          0.0,
          0.0,
          0.0,
          0.0,
          0.0,
          0.0,
          0.0,
          0.0,
          0.0,
          0.0,
          0.0
        ],
        [
          0.0,
          0.0,
          0.0,
          0.0,
          0.0,
          0.0,
          0.0,
          0.0,
          0.0,
          0.0,
          0.0,
          0.0,
          0.0,
          0.0,
          0.0,
          0.0,
          0.0,
          0.0,
          0.0,
          0.0,
          0.0,
          0.0,
          0.0,
          0.0,
          0.0,
          0.0,
          0.0,
          0.0,
          0.0,
          0.0
        ],
        [
          0.0,
          0.0,
          0.0,
          0.0,
          0.0,
          0.0,
          0.0,
          0.0,
          0.0,
          0.0,
          0.0,
          0.0,
          0.0,
          0.0,
          0.0,
          0.0,
          0.0,
          0.0,
          0.0,
          0.0,
          0.0,
          0.0,
          0.0,
          0.0,
          0.0,
          0.0,
          0.0,
          0.0,
          0.0,
          0.0
        ],
        [
          0.0,
          0.0,
          0.0,
          0.0,
          0.0,
          0.0,
          0.0,
          0.0,
          0.0,
          0.0,
          0.0,
          0.0,
          0.0,
          0.0,
          0.0,
          0.0,
          0.0,
          0.0,
          0.0,
          0.0,
          0.0,
          0.0,
          0.0,
          0.0,
          0.0,
          0.0,
          0.0,
          0.0,
          0.0,
          0.0
        ],
        [
          0.0,
          0.0,
          0.0,
          0.0,
          0.0,
          0.0,
          0.0,
          0.0,
          0.0,
          0.0,
          0.0,
          0.0,
          0.0,
          0.0,
          0.0,
          0.0,
          0.0,
          0.0,
          0.0,
          0.0,
          0.0,
          0.0,
          0.0,
          0.0,
          0.0,
          0.0,
          0.0,
          0.0,
          0.0,
          0.0
        ],
        [
          0.0,
          0.0,
          0.0,
          0.0,
          0.0,
          0.0,
          0.0,
          0.0,
          0.0,
          0.0,
          0.0,
          0.0,
          0.0,
          0.0,
          0.0,
          0.0,
          0.0,
          0.0,
          0.0,
          0.0,
          0.0,
          0.0,
          0.0,
          0.0,
          0.0,
          0.0,
          0.0,
          0.0,
          0.0,
          0.0
        ],
        [
          0.0,
          0.0,
          0.0,
          0.0,
          0.0,
          0.0,
          0.0,
          0.0,
          0.0,
          0.0,
          0.0,
          0.0,
          0.0,
          0.0,
          0.0,
          0.0,
          0.0,
          0.0,
          0.0,
          0.0,
          0.0,
          0.0,
          0.0,
          0.0,
          0.0,
          0.0,
          0.0,
          0.0,
          0.0,
          0.0
        ],
        [
          0.0,
          0.0,
          0.0,
          0.0,
          0.0,
          0.0,
          0.0,
          0.0,
          0.0,
          0.0,
          0.0,
          0.0,
          0.0,
          0.0,
          0.0,
          0.0,
          0.0,
          0.0,
          0.0,
          0.0,
          0.0,
          0.0,
          0.0,
          0.0,
          0.0,
          0.0,
          0.0,
          0.0,
          0.0,
          0.0
        ],
        [
          0.0,
          0.0,
          0.0,
          0.0,
          0.0,
          0.0,
          0.0,
          0.0,
          0.0,
          0.0,
          0.0,
          0.0,
          0.0,
          0.0,
          0.0,
          0.0,
          0.0,
          0.0,
          0.0,
          0.0,
          0.0,
          0.0,
          0.0,
          0.0,
          0.0,
          0.0,
          0.0,
          0.0,
          0.0,
          0.0
        ],
        [
          0.0,
          0.0,
          0.0,
          0.0,
          0.0,
          0.0,
          0.0,
          0.0,
          0.0,
          0.0,
          0.0,
          0.0,
          0.0,
          0.0,
          0.0,
          0.0,
          0.0,
          0.0,
          0.0,
          0.0,
          0.0,
          0.0,
          0.0,
          0.0,
          0.0,
          0.0,
          0.0,
          0.0,
          0.0,
          0.0
        ]
      ],
      "b": [
        -1.0229840681136526,
        -9.882278351545613,
        -2.9109939990187343,
        -4.302834226155438,
        -4.304216822871296,
        11.139239931799636,
        3.9218702503665757,
        7.017834472923654,
        10.466206896448735,
        -2.1756889952942298,
        -2.638543805562695,
        -5.7042824580590406,
        -7.8750316822180775,
        -1.8221217500097169,
        -6.3091474838254245,
        -5.672481858146302,
        -15.964333817316302,
        11.655974330161554,
        -11.699932140472189,
        -7.6551939890678655,
        -2.532602852712171,
        -11.070870158005876,
        12.762506970026392,
        0.291651344387189,
        0.5927360396470918,
        18.47647531357233,
        -7.1015280101824,
        -3.19739548728217,
        -4.865266895429881,
        -3.39158515813213,
        -7.058860077755533,
        -10.320284922306877,
        -3.5288580855404432,
        -5.085258357176354,
        -2.7689235953619216,
        -2.7573018185988145,
        -3.6437468178227856,
        -3.765736116867254,
        -2.3212924979130376,
        -5.428317364117411,
        1.1075107921599365,
        -1.4861583299626377,
        -6.027793751219686,
        -4.645753704799091,
        -1.6752744363113559,
        -9.567369117354438,
        -13.512325516758674,
        3.150734188407881,
        -9.286061327839018,
        -4.202905199570722
      ],
      "nablaB": [
        0.0,
        0.0,
        0.0,
        0.0,
        0.0,
        0.0,
        0.0,
        0.0,
        0.0,
        0.0,
        0.0,
        0.0,
        0.0,
        0.0,
        0.0,
        0.0,
        0.0,
        0.0,
        0.0,
        0.0,
        0.0,
        0.0,
        0.0,
        0.0,
        0.0,
        0.0,
        0.0,
        0.0,
        0.0,
        0.0,
        0.0,
        0.0,
        0.0,
        0.0,
        0.0,
        0.0,
        0.0,
        0.0,
        0.0,
        0.0,
        0.0,
        0.0,
        0.0,
        0.0,
        0.0,
        0.0,
        0.0,
        0.0,
        0.0,
        0.0
      ]
    },
    {
      "w": [
        [
          1.6192247794888386,
          1.466871124158833,
          1.8726094821546817,
          1.8675343635035935,
          3.5349300757478397,
          -1.3661352337076569,
          1.5075214171328455,
          -2.08231547620799,
          -2.0981350188184718,
          1.857629282483813,
          1.400174259652499,
          1.4353594614573102,
          1.6249362581136317,
          1.6142427057889859,
          1.3021494187895157,
          1.4362349335282407,
          -1.4897443066328546,
          -1.6434550513219852,
          3.1577467375833557,
          1.1158958382602833,
          1.8202959929778115,
          1.6514743770109588,
          -2.153511426921165,
          1.2825406878659824,
          1.2883557797983143,
          -3.5925130255335005,
          1.3252647231141417,
          1.4351093312395895,
          -2.5178449987171385,
          1.217639110255983,
          1.371526315779647,
          3.2898056824909903,
          -2.08536715140625,
          1.3779795318875527,
          1.433455761587549,
          2.2842301440673074,
          1.9595144830199362,
          2.24821426864969,
          1.3641368250263308,
          1.593540100830433,
          -2.242806892347961,
          1.2570680700531207,
          1.7530142953727181,
          1.490462579270798,
          -1.5696697084042264,
          1.666077949120347,
          1.66506264034119,
          1.9344132716248188,
          -1.4384759726675005,
          -1.525853183048306
        ],
        [
          -1.1136611549292401,
          -0.9735551432228723,
          -1.2282937032108787,
          -1.481655383014941,
          -3.2474648383296407,
          0.9931760341632028,
          -1.0632232074083263,
          1.3592025891837929,
          1.5119150474884118,
          -1.3803056595236705,
          -1.0501845036960482,
          -1.142338193052056,
          -1.1485143750769853,
          -1.2855115896385267,
          -0.8615873491955092,
          -1.0540892192121607,
          1.093511097255346,
          1.1961882076986177,
          -2.382757103052306,
          -0.7925508291897857,
          -1.2350084065039484,
          -1.2385454190348868,
          1.552745488094016,
          -0.8551909981470784,
          -0.9162648471260827,
          2.341897258336993,
          -1.0058913142686927,
          -0.8836534628778594,
          1.8786124220160065,
          -0.8798739510447434,
          -1.0372182572347732,
          -2.4835157066684883,
          1.245149071905245,
          -0.9332463569047647,
          -0.9359211695428803,
          -1.8314912226770277,
          -1.5703931878575266,
          -1.7653731346134012,
          -1.0166340786496844,
          -1.178298030025645,
          1.4751489450348374,
          -0.8481063834453039,
          -1.1811748268031892,
          -0.9355095851642582,
          0.9596676393684004,
          -1.06819713404058,
          -1.278262836908265,
          -1.3980578655662304,
          1.1506273453495253,
          1.0221345995672206
        ],
        [
          -0.434442571685735,
          -0.7444336832974321,
          -0.7403499083324036,
          -0.29431561055678873,
          -0.33316116830246023,
          0.2138282430104843,
          -0.5477261706582809,
          0.7761227348143908,
          0.6372623181757443,
          -0.8962027305462137,
          -0.10918675257124821,
          -0.1799301963294233,
          -0.6056718535483919,
          -0.7786592270878642,
          -0.49486530517984095,
          -0.47951987189854695,
          0.6467035977757852,
          -0.19764533326193465,
          -1.348929744445586,
          -0.26779360099083915,
          -1.7146080957005598,
          -0.41793560108189826,
          1.1708435959370136,
          -0.6114933425590466,
          -0.6009408781417409,
          1.1262595516476057,
          -0.14932158534145235,
          -0.6786850554873679,
          1.1963695662730651,
          -0.5990978193900793,
          -0.3914324869288201,
          -0.9756601832601534,
          1.3720918723836426,
          -0.37447837517904764,
          -0.868945483249101,
          -0.2855982444927269,
          -0.7656953036451173,
          -0.05331625911586917,
          -0.32012600847789696,
          -0.49039643221222584,
          0.9845570708981394,
          -0.6370626553233049,
          -0.6127886282621187,
          -0.8923201105858913,
          0.8449286493441425,
          -0.8529665807476032,
          -0.007161526970078436,
          -0.3674763194468342,
          -0.08917153343596489,
          1.099308020062959
        ],
        [
          -2.2668200289845473,
          -0.8625938836913496,
          -1.8718377149058565,
          -0.3213259144714526,
          -0.7374917568702596,
          2.3719458750786533,
          -1.6285672429006264,
          2.357669657724511,
          2.28741691903107,
          -0.11689020835848807,
          -1.5391884044876607,
          -0.453436809422661,
          -1.7811199916486091,
          -1.9694181485564772,
          -1.7704697647811443,
          -0.39134911238174935,
          2.087100201562507,
          2.7812906459656617,
          -0.3759774454061206,
          -1.3838325643463574,
          0.8581419537356991,
          -0.4692293255093073,
          0.2576898251803031,
          -1.3072189108374221,
          -0.5659669366085105,
          0.7236809065452876,
          -0.8697953800520086,
          -1.3531794844881206,
          1.3502275332138738,
          -2.436937713411506,
          -1.3109662946996454,
          -2.322069251433499,
          0.7212919847336804,
          -1.3499300386351392,
          -1.4791013153348103,
          -3.7207934687514372,
          -3.5532537223467076,
          -5.773857146232812,
          -1.7060173672121242,
          -1.0859943553606937,
          0.5208627420332682,
          -0.9729421712101258,
          -2.2507058572582777,
          -1.5874273163100348,
          2.038556446852742,
          -1.7106030091532063,
          -1.2568833471556817,
          -1.204751658652729,
          0.19183445985616718,
          0.03244733676941774
        ],
        [
          -0.1682863742089114,
          1.2767392467853258,
          0.5470211561149969,
          -0.5468094551507807,
          -0.49776941056343305,
          -2.2584691958967538,
          0.48563872464636454,
          0.7046652428196917,
          -0.5072423042396077,
          0.1781788935421415,
          -0.6233977633137071,
          -1.3175509910848515,
          -0.08943121422930893,
          1.2781192771133258,
          0.07416101580319236,
          -0.6985276109077639,
          -0.006429639766290633,
          -1.5089304960119747,
          -1.0852005354328038,
          -0.3213536463406977,
          -0.4757214314172282,
          -1.0428138405733653,
          -0.8607830430250529,
          -1.6616121156594306,
          -2.0142677806489844,
          -0.24986688391251072,
          -0.08379561176828904,
          -0.08709583797988907,
          -0.9035440587748982,
          1.0856582255512954,
          -0.5447109085992213,
          -0.3922044939766975,
          4.072193604610833,
          -1.522208866627184,
          -0.39544662971086414,
          -0.5679248206669926,
          -0.45286564693670117,
          -0.5127279878955399,
          -0.12371812408749644,
          -0.040393032759762325,
          -0.11816903213609303,
          0.07808926110899554,
          -0.07724290423488474,
          -0.39260176202154806,
          -1.1259912402096253,
          -1.5349412028760145,
          -0.7387177980275607,
          -0.23006124623123222,
          -0.37756078857509523,
          -1.1669249025187187
        ],
        [
          -0.42544569724889203,
          -1.0070031906033157,
          -0.10404865589449845,
          0.12355478175098865,
          -0.05424655429837062,
          -0.48575361111424115,
          -0.5471663910419687,
          -0.5215069009253958,
          -0.04562728468378996,
          -0.4199774240378972,
          -0.40590915817496775,
          -0.947861535586197,
          -0.6047458506699925,
          -0.32013485460226393,
          -0.7869454290268676,
          0.09061458220412383,
          -1.7771849132422808,
          -0.19060544718530995,
          -0.847442760069419,
          -0.6268062495963894,
          -0.17641120919261166,
          -0.73875672943931,
          -0.005445116246830021,
          -0.5540424710500904,
          -0.6719290366387699,
          0.17548996227966743,
          -0.3186250465142153,
          -0.3875742035457557,
          -0.1888751083760524,
          -0.6916912278932129,
          -0.94343214100911,
          0.3456550534280498,
          -0.5821444218116614,
          -0.6555365482291591,
          -1.1806478962285067,
          -0.7209963781371879,
          -0.20368035805686754,
          -0.33349935010289866,
          -0.9626093242938957,
          -0.7143713951349548,
          -0.45881959945846196,
          -0.4615974298825235,
          -0.7690678190567748,
          -0.9878099719416938,
          -0.9868121905255837,
          -0.5637441822709991,
          -0.2617541753632025,
          -0.13791527891086147,
          -0.6213220670486433,
          -0.5336597466092396
        ],
        [
          -0.5347680366372267,
          -1.239123849265007,
          -1.0630894622732376,
          -0.48459046006986967,
          -0.5656793766709353,
          -0.5882039886893622,
          -1.3367975654327795,
          0.03582871227524754,
          -0.40280272875364037,
          -0.7284483722140002,
          -0.6698862471801978,
          -0.6214481850217254,
          -1.0225759316243515,
          -0.5252983744471323,
          -0.6993816877021514,
          -0.4334023800240364,
          -1.592115408515153,
          -0.36476797953558177,
          -0.632862280456444,
          -1.2870789833542464,
          -0.3993130115898472,
          -0.501623083921605,
          -0.35280700086832123,
          -0.8795174886416283,
          -0.8704549857796442,
          0.13095488754600107,
          -0.4892908771670863,
          -0.8479700324507831,
          -0.31500781016282625,
          -0.934589726142171,
          -0.8218697537506614,
          0.013068311143891804,
          0.23013092718308728,
          -1.3239310750610827,
          -1.2051140959274214,
          -0.45595393890716546,
          -0.4051040319744238,
          -0.2859975931081039,
          -0.622301674425779,
          -0.8617332659693052,
          -0.3836841814288749,
          -0.3561716414336999,
          -0.3572118546639815,
          -0.5804301464291616,
          -0.32216433533909644,
          -0.6369575401261625,
          -0.7976570862828622,
          -0.531024298142376,
          -0.9533754476946649,
          -0.15055797181651237
        ],
        [
          -0.6528986320756467,
          -1.3323926271091575,
          -0.6953385829902456,
          -0.18392533044027443,
          -0.3366882986106886,
          -0.5261664915413491,
          -0.9800201175118455,
          -0.2202502212739722,
          0.03358720607755271,
          -0.7219198746029866,
          -0.6541304644302616,
          -0.5977178336089392,
          -0.5268419593601897,
          -0.7444075169326149,
          -0.47947219964600657,
          -0.6475025031326516,
          -1.24695596933646,
          -0.20938116307184643,
          -0.9738810242250362,
          -1.2391991542064607,
          -0.6710232089202114,
          -0.5716787197270713,
          -0.26577216195933145,
          -0.6136518366442502,
          -1.3300105864448017,
          0.03847384784870124,
          -0.8224240024416435,
          -1.0583997961259612,
          -0.5978785030812618,
          -0.6644197500984445,
          -1.0799463869569195,
          -0.07612254057863438,
          -0.16116684701392583,
          -0.9042253770342501,
          -0.9305544968825443,
          -0.24251373941141516,
          -0.44824277530319384,
          -0.32794749736595596,
          -0.9127809983705992,
          -0.7946167262859055,
          -0.5632893158846959,
          -0.7470052504602849,
          -0.4478393564893003,
          -0.9812537649570618,
          -0.8450616727322777,
          -0.8612769638104821,
          -0.5434347981484939,
          -0.7279882843573791,
          -0.9783496845137851,
          -0.5846665029203413
        ],
        [
          -0.6010352960742926,
          -1.290293512529302,
          -0.8108528479364167,
          -0.30043937764979245,
          0.034622784541696906,
          -0.4492785116097301,
          -0.7452785028966008,
          -0.2836111458544765,
          -0.20189238940533136,
          -0.24092095137397454,
          -0.21273848507769377,
          -0.9718983570971645,
          -0.7719385871303598,
          -0.325579611899471,
          -0.8736426233987161,
          -0.32650461430655564,
          -1.8612764094459187,
          -0.15297758168086995,
          -0.8353034224186284,
          -1.2763216273869578,
          -0.5312313803338116,
          -0.5295104288056667,
          -0.5152308848334142,
          -0.5023691615739735,
          -1.226905895649214,
          -0.07112603287200404,
          -0.3224185203689333,
          -0.7836281542164195,
          -0.7143434317661123,
          -0.5004888876052704,
          -0.9530983310807868,
          -0.03353452043785814,
          -0.3579247415647128,
          -1.1882055101163578,
          -1.0236130093001663,
          -0.6369953609416649,
          -0.20815544101998387,
          -0.3085664723966829,
          -0.6731983411011346,
          -1.0402863163610414,
          -0.2668712771952838,
          -0.636760231518893,
          -0.6691256722482914,
          -0.7906645220431204,
          -0.6362144093557082,
          -0.5039076186254234,
          -0.2898950961817169,
          -0.7868415927300138,
          -0.5973690780569048,
          -0.4364586222448147
        ],
        [
          -0.5927507716061196,
          -1.3728869402631203,
          -0.66793519332343,
          -0.3572857302782696,
          -0.13476034846974527,
          -0.6243990366923569,
          -0.7967993047421688,
          -0.39531913958018494,
          -0.08595970739280828,
          -0.2873777861903326,
          -0.5347255781100728,
          -1.1022749116624528,
          -0.768618226066446,
          -0.6134682005974841,
          -1.0536545164373883,
          -0.3867603793507097,
          -2.1288415509076937,
          -0.36129548940122574,
          -0.9822802727056563,
          -1.2128051569213374,
          -0.5141365897279558,
          -0.5461912553678465,
          -0.5273751163693431,
          -0.6348096618889584,
          -1.352070410641484,
          -0.09296064341010928,
          -0.9031585866876579,
          -0.7039514106785418,
          -0.28392964176309193,
          -0.7258233658948141,
          -0.6709450326781888,
          -0.68349263331886,
          -0.07211746043923001,
          -0.9394375953195961,
          -1.124966118550287,
          -0.41894255493578186,
          -0.33900216279407697,
          -0.6174606356903808,
          -1.1100398241590825,
          -1.15391701951816,
          -0.20819822787747558,
          -1.0387656556480616,
          -0.6199091612935397,
          -0.7869326521307681,
          -0.7288464450411504,
          -0.5008370847683556,
          -0.5248640181839389,
          -0.9039034272721532,
          -0.7908069233842648,
          -0.30504362689049574
        ]
      ],
      "nablaW": [
        [
          0.0,
          0.0,
          0.0,
          0.0,
          0.0,
          0.0,
          0.0,
          0.0,
          0.0,
          0.0,
          0.0,
          0.0,
          0.0,
          0.0,
          0.0,
          0.0,
          0.0,
          0.0,
          0.0,
          0.0,
          0.0,
          0.0,
          0.0,
          0.0,
          0.0,
          0.0,
          0.0,
          0.0,
          0.0,
          0.0,
          0.0,
          0.0,
          0.0,
          0.0,
          0.0,
          0.0,
          0.0,
          0.0,
          0.0,
          0.0,
          0.0,
          0.0,
          0.0,
          0.0,
          0.0,
          0.0,
          0.0,
          0.0,
          0.0,
          0.0
        ],
        [
          0.0,
          0.0,
          0.0,
          0.0,
          0.0,
          0.0,
          0.0,
          0.0,
          0.0,
          0.0,
          0.0,
          0.0,
          0.0,
          0.0,
          0.0,
          0.0,
          0.0,
          0.0,
          0.0,
          0.0,
          0.0,
          0.0,
          0.0,
          0.0,
          0.0,
          0.0,
          0.0,
          0.0,
          0.0,
          0.0,
          0.0,
          0.0,
          0.0,
          0.0,
          0.0,
          0.0,
          0.0,
          0.0,
          0.0,
          0.0,
          0.0,
          0.0,
          0.0,
          0.0,
          0.0,
          0.0,
          0.0,
          0.0,
          0.0,
          0.0
        ],
        [
          0.0,
          0.0,
          0.0,
          0.0,
          0.0,
          0.0,
          0.0,
          0.0,
          0.0,
          0.0,
          0.0,
          0.0,
          0.0,
          0.0,
          0.0,
          0.0,
          0.0,
          0.0,
          0.0,
          0.0,
          0.0,
          0.0,
          0.0,
          0.0,
          0.0,
          0.0,
          0.0,
          0.0,
          0.0,
          0.0,
          0.0,
          0.0,
          0.0,
          0.0,
          0.0,
          0.0,
          0.0,
          0.0,
          0.0,
          0.0,
          0.0,
          0.0,
          0.0,
          0.0,
          0.0,
          0.0,
          0.0,
          0.0,
          0.0,
          0.0
        ],
        [
          0.0,
          0.0,
          0.0,
          0.0,
          0.0,
          0.0,
          0.0,
          0.0,
          0.0,
          0.0,
          0.0,
          0.0,
          0.0,
          0.0,
          0.0,
          0.0,
          0.0,
          0.0,
          0.0,
          0.0,
          0.0,
          0.0,
          0.0,
          0.0,
          0.0,
          0.0,
          0.0,
          0.0,
          0.0,
          0.0,
          0.0,
          0.0,
          0.0,
          0.0,
          0.0,
          0.0,
          0.0,
          0.0,
          0.0,
          0.0,
          0.0,
          0.0,
          0.0,
          0.0,
          0.0,
          0.0,
          0.0,
          0.0,
          0.0,
          0.0
        ],
        [
          0.0,
          0.0,
          0.0,
          0.0,
          0.0,
          0.0,
          0.0,
          0.0,
          0.0,
          0.0,
          0.0,
          0.0,
          0.0,
          0.0,
          0.0,
          0.0,
          0.0,
          0.0,
          0.0,
          0.0,
          0.0,
          0.0,
          0.0,
          0.0,
          0.0,
          0.0,
          0.0,
          0.0,
          0.0,
          0.0,
          0.0,
          0.0,
          0.0,
          0.0,
          0.0,
          0.0,
          0.0,
          0.0,
          0.0,
          0.0,
          0.0,
          0.0,
          0.0,
          0.0,
          0.0,
          0.0,
          0.0,
          0.0,
          0.0,
          0.0
        ],
        [
          0.0,
          0.0,
          0.0,
          0.0,
          0.0,
          0.0,
          0.0,
          0.0,
          0.0,
          0.0,
          0.0,
          0.0,
          0.0,
          0.0,
          0.0,
          0.0,
          0.0,
          0.0,
          0.0,
          0.0,
          0.0,
          0.0,
          0.0,
          0.0,
          0.0,
          0.0,
          0.0,
          0.0,
          0.0,
          0.0,
          0.0,
          0.0,
          0.0,
          0.0,
          0.0,
          0.0,
          0.0,
          0.0,
          0.0,
          0.0,
          0.0,
          0.0,
          0.0,
          0.0,
          0.0,
          0.0,
          0.0,
          0.0,
          0.0,
          0.0
        ],
        [
          0.0,
          0.0,
          0.0,
          0.0,
          0.0,
          0.0,
          0.0,
          0.0,
          0.0,
          0.0,
          0.0,
          0.0,
          0.0,
          0.0,
          0.0,
          0.0,
          0.0,
          0.0,
          0.0,
          0.0,
          0.0,
          0.0,
          0.0,
          0.0,
          0.0,
          0.0,
          0.0,
          0.0,
          0.0,
          0.0,
          0.0,
          0.0,
          0.0,
          0.0,
          0.0,
          0.0,
          0.0,
          0.0,
          0.0,
          0.0,
          0.0,
          0.0,
          0.0,
          0.0,
          0.0,
          0.0,
          0.0,
          0.0,
          0.0,
          0.0
        ],
        [
          0.0,
          0.0,
          0.0,
          0.0,
          0.0,
          0.0,
          0.0,
          0.0,
          0.0,
          0.0,
          0.0,
          0.0,
          0.0,
          0.0,
          0.0,
          0.0,
          0.0,
          0.0,
          0.0,
          0.0,
          0.0,
          0.0,
          0.0,
          0.0,
          0.0,
          0.0,
          0.0,
          0.0,
          0.0,
          0.0,
          0.0,
          0.0,
          0.0,
          0.0,
          0.0,
          0.0,
          0.0,
          0.0,
          0.0,
          0.0,
          0.0,
          0.0,
          0.0,
          0.0,
          0.0,
          0.0,
          0.0,
          0.0,
          0.0,
          0.0
        ],
        [
          0.0,
          0.0,
          0.0,
          0.0,
          0.0,
          0.0,
          0.0,
          0.0,
          0.0,
          0.0,
          0.0,
          0.0,
          0.0,
          0.0,
          0.0,
          0.0,
          0.0,
          0.0,
          0.0,
          0.0,
          0.0,
          0.0,
          0.0,
          0.0,
          0.0,
          0.0,
          0.0,
          0.0,
          0.0,
          0.0,
          0.0,
          0.0,
          0.0,
          0.0,
          0.0,
          0.0,
          0.0,
          0.0,
          0.0,
          0.0,
          0.0,
          0.0,
          0.0,
          0.0,
          0.0,
          0.0,
          0.0,
          0.0,
          0.0,
          0.0
        ],
        [
          0.0,
          0.0,
          0.0,
          0.0,
          0.0,
          0.0,
          0.0,
          0.0,
          0.0,
          0.0,
          0.0,
          0.0,
          0.0,
          0.0,
          0.0,
          0.0,
          0.0,
          0.0,
          0.0,
          0.0,
          0.0,
          0.0,
          0.0,
          0.0,
          0.0,
          0.0,
          0.0,
          0.0,
          0.0,
          0.0,
          0.0,
          0.0,
          0.0,
          0.0,
          0.0,
          0.0,
          0.0,
          0.0,
          0.0,
          0.0,
          0.0,
          0.0,
          0.0,
          0.0,
          0.0,
          0.0,
          0.0,
          0.0,
          0.0,
          0.0
        ]
      ],
      "b": [
        -4.0914839662440246,
        2.5349126697190565,
        -1.890623383539222,
        -3.1747460451987797,
        -5.088286094246726,
        -3.809226224037418,
        -3.5291508874200246,
        -4.084713682448069,
        -4.313792507606367,
        -4.094608315146609
      ],
      "nablaB": [
        0.0,
        0.0,
        0.0,
        0.0,
        0.0,
        0.0,
        0.0,
        0.0,
        0.0,
        0.0
      ]
    }
  ]
}