Posterior: 0.613775
{
  "topologia": [
    30,
    18,
    10
  ],
  "learningRate": 0.1,
  "cantEntrenamientos": 500,
  "capas": [
    {
      "w": [
        [
          -4.4847504370524005,
          -2.048409685439572,
          -0.268581056073773,
          0.0513322637679659,
          -0.39601455012637593,
          -1.8121553311551901,
          -2.1447943723442844,
          -2.525980740039396,
          1.4950995726157386,
          1.156063610430368,
          0.6487113288850298,
          2.7795779477929408,
          -4.176734594386476,
          -3.31070297601516,
          -1.0852607144358468,
          -0.5606096284893944,
          0.25819663728599684,
          -0.15234351583666866,
          -3.070452101099803,
          -0.5192436362360499,
          1.727020771163983,
          1.5666572154647544,
          -0.5924676089231866,
          -1.1257115690360373,
          -5.166782506695315,
          -0.9838892488754339,
          1.5610314714904943,
          -6.328356615107464,
          3.6477663850684965,
          0.48350173423984627
        ],
        [
          0.0892921045044718,
          -4.106316530710505,
          -1.6630514535414247,
          3.980576222530116,
          2.0162236719262965,
          3.3871968292527916,
          1.7575384906125735,
          -1.011471823030271,
          -4.93466023456637,
          -1.5971423820936668,
          0.657087670535197,
          1.5887726621124905,
          -1.769112106032121,
          -2.1125773534079246,
          -4.513067838929269,
          0.6660758189477352,
          -3.5995659662137234,
          -1.6680134335673524,
          -1.301249248048423,
          0.6401709992326979,
          -2.1279739399286512,
          2.87444942994397,
          -2.4236354538847174,
          0.7338691632097051,
          -4.2634924198315,
          1.3311413796233829,
          0.9865951636368694,
          3.860547578048392,
          -1.8866782599779588,
          1.1704968965001765
        ],
        [
          2.7219987828379004,
          -1.4448066313177628,
          0.12114296773329386,
          1.5923015497617898,
          -1.1265188739031657,
          -2.6673211510264183,
          1.0103625318429854,
          1.4736635917118366,
          2.035121642341753,
          -3.04068734993983,
          1.038503104736762,
          3.4152414492052343,
          3.5961145033232227,
          -2.3250689039493424,
          -3.1643459332727644,
          -1.8497685330986229,
          0.020060733880508472,
          1.2385293142422602,
          0.5407872903106916,
          1.4366871217677724,
          0.5425909445726491,
          1.1945591166872138,
          -0.9458789401437148,
          -3.1854247322011218,
          0.9082963034676792,
          -0.46221805403936383,
          1.8412008728050102,
          0.6240213128907303,
          0.6168865230399554,
          1.884522209921897
        ],
        [
          -0.25424481293827034,
          -4.169627461203583,
          -1.20576110453338,
          -2.0142822815350763,
          -3.2498122016944135,
          1.0306301229052632,
          -0.9205962122460775,
          -2.2275518565224934,
          -0.571596876911456,
          -2.088817067835571,
          -1.5405173913960577,
          0.31499295619842815,
          0.1408511428461655,
          2.7241809311062415,
          3.329742057548556,
          3.160955992992073,
          6.160351235931917,
          -1.5122212709393228,
          -0.8055416838313656,
          -0.9712311030565832,
          -2.2109272318281143,
          -0.2574642149160418,
          -2.292087101892496,
          -6.042853190238889,
          -1.9305071209354616,
          1.355315345767717,
          -0.7826679269271175,
          1.6173486058229722,
          -1.0227269735148943,
          0.9901591692371894
        ],
        [
          -1.6095887436042524,
          0.7183725236371632,
          0.8412416524285887,
          -2.37905585049184,
          -2.2812973781035053,
          -5.245895961852752,
          -1.3309491153721416,
          -0.8304763820698388,
          2.214588130156588,
          -0.6967425488906644,
          -1.4902021544866708,
          -2.1655977904222947,
          0.2684442103345474,
          1.484746155106549,
          -1.2598620744249505,
          1.1187851931561483,
          2.6353708636271,
          -1.4314697805323144,
          -1.8049768380473203,
          -1.3871431846494413,
          -3.091452786676703,
          4.2276410592187785,
          1.4304329051818758,
          4.845268364768684,
          -0.6736439450578722,
          1.715603184082388,
          -2.0168652270585743,
          2.8774206816609844,
          1.0287979928050632,
          5.705044397646954
        ],
        [
          0.2883463568733043,
          1.4160900293300807,
          -4.137216149405854,
          0.4995019649275982,
          0.8666276366235447,
          -3.4129407806254837,
          0.5173837196781882,
          -0.2048296629669539,
          -5.005523692532342,
          1.1353273561779158,
          -0.5511833636948522,
          -4.653050266494868,
          0.6985183668832976,
          0.005978231652529856,
          7.882081579443804,
          0.8114837938409974,
          -0.5281096022600724,
          5.145281860257108,
          0.43151408525384427,
          -0.8992129145559844,
          -4.0042381119038355,
          0.24230445319310484,
          0.5733445625845327,
          -4.279109398381778,
          0.41810635039924,
          -0.04676980141397878,
          0.044150968879224414,
          -0.5091974112562404,
          0.5537351062198934,
          -0.502633464989347
        ],
        [
          1.3123471841507806,
          -1.3171818330258813,
          -1.9407317758661726,
          -2.0031338262509424,
          0.5858829928792748,
          -0.5011874244725567,
          -0.907271867041448,
          -0.8823219281207352,
          -3.921058252936433,
          -3.5335506411544553,
          5.533715808539959,
          4.848279386718011,
          -1.4305018995007963,
          0.9280574650767438,
          3.4172612752777356,
          2.568373475880152,
          -3.52780082437584,
          -6.329465113142559,
          -0.012241400376033298,
          -0.34234141372744,
          -5.683775522017352,
          -1.2188786753742848,
          2.370794784260697,
          5.010923991655597,
          0.25097358082597143,
          -1.323606958297124,
          2.0300091040516057,
          1.9393803973672674,
          -1.4787357284161937,
          -0.8878304758939186
        ],
        [
          -0.16173999399703745,
          0.10534062121175304,
          -0.25850598799703695,
          -0.48434540681438865,
          3.2422059778835064,
          -0.6332265443767818,
          -0.352277832744022,
          -0.14214040656243426,
          -0.471151954152719,
          -0.7773138670052347,
          3.7043274592617093,
          -1.0443340380009285,
          -0.12018195945756678,
          -0.10257443125199095,
          0.025854528939530823,
          -0.4170784790092922,
          2.919447791871353,
          -0.6667939790108026,
          -0.3307775090498106,
          -0.12314547182901144,
          0.36655790341671307,
          0.19202686368631597,
          3.7659187424674254,
          0.050809688382376,
          0.2454408294281778,
          0.2584017110546002,
          0.9162997165664322,
          0.15281409773799742,
          3.6269505999809812,
          -0.2830869231263398
        ],
        [
          -0.17015727000124561,
          0.26555469653929387,
          -2.671141065802122,
          0.35162089478054553,
          1.238632604599868,
          -0.14849927054748394,
          -0.18795507523850244,
          -0.06880759164839834,
          -2.39239395172236,
          0.9511244354755362,
          0.426491117112154,
          0.5464931181883784,
          -0.21219287210021398,
          -0.12230190679269665,
          -2.060014053570803,
          0.5441201958378109,
          1.5173357769616551,
          0.17770873639178242,
          0.14818519757620907,
          0.02897142909227942,
          -3.358614436691148,
          0.387535471720236,
          0.7299051576198269,
          0.160686096232446,
          0.5317345501859663,
          0.013286550445369322,
          -4.220090218682993,
          0.16006165495966557,
          1.0327830946874752,
          -0.39618226350158714
        ],
        [
          -0.7131744404972576,
          0.5836360526867046,
          -2.587951561167484,
          -3.9461632553815997,
          0.18213728420736616,
          1.2422314436557786,
          -0.12566574461293228,
          -0.21119614695892625,
          -4.725934535949612,
          -3.6916105468483114,
          -0.26079436027045483,
          1.6814615759197855,
          0.04585033043403914,
          0.7838752117556153,
          -2.109061957043325,
          -0.414834978456088,
          0.5059540569447581,
          1.7415177253336147,
          -1.376010256767865,
          0.11585098918086802,
          5.299872476622993,
          4.192132428800398,
          2.2162946529343577,
          0.05773085037897732,
          -0.8642362272374783,
          1.2193993949424053,
          3.313886308762061,
          2.161738003288118,
          0.6760607183656483,
          -10.144194190456249
        ],
        [
          -0.6218507841603954,
          -0.9738389135529874,
          2.1888279816542613,
          7.130335964459214,
          5.162444676191686,
          9.194382715923922,
          -0.5036135955110528,
          0.7532531223000045,
          -0.608908599751159,
          0.614346272516686,
          -0.4088725181097892,
          -0.2514711131533115,
          -1.4292569821621222,
          0.08013993628774035,
          -3.7080366284994573,
          -6.519833647767883,
          -5.2556558268294395,
          -10.870615750573872,
          -0.30746107321601174,
          -0.004759239276905325,
          -2.1421219057374064,
          -0.1585844255867801,
          0.3364009960734115,
          -0.19821453788537308,
          -0.4138028285345045,
          0.8302621884589929,
          -0.3680348408743325,
          1.4980441858913056,
          -1.0938324540558069,
          0.48085182111376723
        ],
        [
          -0.39690589216095945,
          -0.4940828073879311,
          -2.75991217748555,
          0.4010361835342474,
          0.13178781585524707,
          -2.64045436947761,
          -0.16917160703961437,
          -0.7795231933626965,
          -3.299466829926059,
          0.36933168894955304,
          0.24760337789720327,
          -4.7748574294989155,
          0.34756089515790456,
          -0.48553346359280736,
          -1.4699911873313178,
          0.5633270993529526,
          -0.852168005279385,
          -2.9082275141232308,
          1.769294373750743,
          -0.5270114774589012,
          5.9770950803612655,
          -0.13731871946292473,
          -1.4021982306327134,
          6.3455968814246875,
          -0.2943927316395041,
          0.17191186269073444,
          6.789573889133046,
          0.8884535561985314,
          0.325469110061198,
          6.896207280321417
        ],
        [
          -0.5006671108163594,
          0.016908601156460097,
          1.1205239636247208,
          0.21938228818596148,
          -0.48632333898504754,
          0.002591690366480666,
          -0.016829989997752336,
          -0.38491461170139774,
          6.063804411004619,
          -4.950954366420882,
          8.495112721665375,
          -10.491961651082908,
          0.6576232010507259,
          0.09827213247390787,
          -5.162752791531417,
          4.965355608558387,
          -7.980184702696605,
          9.571176751611771,
          -0.008105850890130254,
          -0.12196625848325203,
          0.09025070780078873,
          -0.8636258819583985,
          1.0183253570186048,
          -1.0415683186170206,
          0.47071405822595286,
          -0.14808215847889925,
          0.7692556575901375,
          -0.36245979417455415,
          0.7911030852595974,
          -0.9588945275266865
        ],
        [
          -0.7101425252422611,
          -0.13389065014062376,
          0.2550045819988479,
          0.15791925042931435,
          -0.1712090331031925,
          3.165527501850252,
          -1.0134311819793937,
          -0.4969435710444056,
          0.8651759550834487,
          0.35166804294361315,
          -0.44327224417162686,
          3.1480767856140464,
          0.28264658671218784,
          0.3246233972845647,
          -0.7553645429136481,
          0.2869250027050604,
          -1.210093294398643,
          3.589923126074225,
          0.9335843072304486,
          -0.958919566044687,
          -0.2604560609457853,
          1.2013152437416537,
          -1.012003292668932,
          5.815976707505084,
          -0.09692696804382897,
          -0.3317776669611586,
          0.6631783728094264,
          -0.046759952018230085,
          -0.2002002916888973,
          6.042861619890154
        ],
        [
          0.948343960957939,
          -5.669204207066465,
          2.905428509635027,
          1.4604281960269527,
          2.094892563177249,
          1.9568870963510172,
          0.9701531420930553,
          -4.659567475805455,
          -3.2212328004750965,
          -1.1208111525190305,
          -0.7167582735877509,
          -0.09547876047430524,
          -0.17491295911706178,
          -3.4805512551251963,
          1.6510223889801692,
          -0.4844749550139605,
          -1.762709128552265,
          3.6026684162443194,
          2.8715157771706314,
          -7.475891613930566,
          -1.0485229960665692,
          1.6060236566949655,
          -4.131162599640913,
          -0.3559346983889055,
          -0.7357294357033927,
          -9.116417068101148,
          -0.5555785320725496,
          2.442760560391433,
          -0.9120777725290772,
          -1.3481506624713988
        ],
        [
          0.1793340343649703,
          0.2114563798059038,
          -1.3310074304728083,
          3.318076055397015,
          -0.7448175638250327,
          0.018951412592310604,
          -0.4233254466701474,
          -0.2158749120402133,
          -0.690459595419754,
          3.357673528834183,
          0.06260261676096347,
          -0.25937264526771536,
          -0.009332374649458386,
          0.42078460747966145,
          0.7332253736837014,
          3.874569785116252,
          -0.3952993037732887,
          0.36175953983231274,
          0.09216007304605912,
          -0.3138222506358793,
          -0.5878953716432962,
          3.6594791907326876,
          0.0788863005417205,
          -0.36016962964077254,
          0.5519097571424418,
          -0.2226257828766204,
          -0.24470975872544304,
          3.4359243021566503,
          -0.8006375937221127,
          -0.16597430103178795
        ],
        [
          -0.058734158371980504,
          -0.18831136189350856,
          -2.6911766441388005,
          -2.3101633394074406,
          -1.6314859850381476,
          -0.9884847219823328,
          -0.3209317556634578,
          0.0012598248618415334,
          -2.7118805553984084,
          -2.9534769810845005,
          -1.1181527918208114,
          -1.1497508110368957,
          0.025415269015833852,
          0.3229217005343175,
          -2.3669906859493914,
          -2.5847724871304028,
          -1.495101827054101,
          -0.7614530678885965,
          -0.2114448142233782,
          -0.177102655913243,
          -2.715113768918978,
          -2.78521032408496,
          -0.7764682940722429,
          -1.0995312442659682,
          0.15087321120909206,
          -0.26511740360881414,
          -2.6383548690314202,
          -2.1038359478958757,
          -1.2258407723032487,
          -0.638787100200695
        ],
        [
          -0.9928100061215187,
          0.03780822192347895,
          0.4427869801199449,
          1.4320136458725266,
          0.44282775371257066,
          -5.704776986470696,
          0.3894179893505934,
          -1.123504698588766,
          2.0121339889072187,
          -0.1173185683944917,
          -1.6053537635831696,
          -7.717821633130031,
          0.2151820258685305,
          0.14248678897531517,
          -0.42590936782693645,
          2.285967750359345,
          -1.8828947239693417,
          -4.203579653517437,
          -0.308989621118691,
          -0.40333701513198816,
          -0.4446098070435904,
          3.0918495798552788,
          -2.080220724981197,
          -2.6145625000845794,
          -1.36215210485646,
          0.5578433621037865,
          0.44974943988291516,
          2.317884511798326,
          0.20122379312384198,
          -2.757277670651491
        ]
      ],
      "nablaW": [
        [
          0.0,
          0.0,
          0.0,
          0.0,
          0.0,
          0.0,
          0.0,
          0.0,
          0.0,
          0.0,
          0.0,
          0.0,
          0.0,
          0.0,
          0.0,
          0.0,
          0.0,
          0.0,
          0.0,
          0.0,
          0.0,
          0.0,
          0.0,
          0.0,
          0.0,
          0.0,
          0.0,
          0.0,
          0.0,
          0.0
        ],
        [
          0.0,
          0.0,
          0.0,
          0.0,
          0.0,
          0.0,
          0.0,
          0.0,
          0.0,
          0.0,
          0.0,
          0.0,
          0.0,
          0.0,
          0.0,
          0.0,
          0.0,
          0.0,
          0.0,
          0.0,
          0.0,
          0.0,
          0.0,
          0.0,
          0.0,
          0.0,
          0.0,
          0.0,
          0.0,
          0.0
        ],
        [
          0.0,
          0.0,
          0.0,
          0.0,
          0.0,
          0.0,
          0.0,
          0.0,
          0.0,
          0.0,
          0.0,
          0.0,
          0.0,
          0.0,
          0.0,
          0.0,
          0.0,
          0.0,
          0.0,
          0.0,
          0.0,
          0.0,
          0.0,
          0.0,
          0.0,
          0.0,
          0.0,
          0.0,
          0.0,
          0.0
        ],
        [
          0.0,
          0.0,
          0.0,
          0.0,
          0.0,
          0.0,
          0.0,
          0.0,
          0.0,
          0.0,
          0.0,
          0.0,
          0.0,
          0.0,
          0.0,
          0.0,
          0.0,
          0.0,
          0.0,
          0.0,
          0.0,
          0.0,
          0.0,
          0.0,
          0.0,
          0.0,
          0.0,
          0.0,
          0.0,
          0.0
        ],
        [
          0.0,
          0.0,
          0.0,
          0.0,
          0.0,
          0.0,
          0.0,
          0.0,
          0.0,
          0.0,
          0.0,
          0.0,
          0.0,
          0.0,
          0.0,
          0.0,
          0.0,
          0.0,
          0.0,
          0.0,
          0.0,
          0.0,
          0.0,
          0.0,
          0.0,
          0.0,
          0.0,
          0.0,
          0.0,
          0.0
        ],
        [
          0.0,
          0.0,
          0.0,
          0.0,
          0.0,
          0.0,
          0.0,
          0.0,
          0.0,
          0.0,
          0.0,
          0.0,
          0.0,
          0.0,
          0.0,
          0.0,
          0.0,
          0.0,
          0.0,
          0.0,
          0.0,
          0.0,
          0.0,
          0.0,
          0.0,
          0.0,
          0.0,
          0.0,
          0.0,
          0.0
        ],
        [
          0.0,
          0.0,
          0.0,
          0.0,
          0.0,
          0.0,
          0.0,
          0.0,
          0.0,
          0.0,
          0.0,
          0.0,
          0.0,
          0.0,
          0.0,
          0.0,
          0.0,
          0.0,
          0.0,
          0.0,
          0.0,
          0.0,
          0.0,
          0.0,
          0.0,
          0.0,
          0.0,
          0.0,
          0.0,
          0.0
        ],
        [
          0.0,
          0.0,
          0.0,
          0.0,
          0.0,
          0.0,
          0.0,
          0.0,
          0.0,
          0.0,
          0.0,
          0.0,
          0.0,
          0.0,
          0.0,
          0.0,
          0.0,
          0.0,
          0.0,
          0.0,
          0.0,
          0.0,
          0.0,
          0.0,
          0.0,
          0.0,
          0.0,
          0.0,
          0.0,
          0.0
        ],
        [
          0.0,
          0.0,
          0.0,
          0.0,
          0.0,
          0.0,
          0.0,
          0.0,
          0.0,
          0.0,
          0.0,
          0.0,
          0.0,
          0.0,
          0.0,
          0.0,
          0.0,
          0.0,
          0.0,
          0.0,
          0.0,
          0.0,
          0.0,
          0.0,
          0.0,
          0.0,
          0.0,
          0.0,
          0.0,
          0.0
        ],
        [
          0.0,
          0.0,
          0.0,
          0.0,
          0.0,
          0.0,
          0.0,
          0.0,
          0.0,
          0.0,
          0.0,
          0.0,
          0.0,
          0.0,
          0.0,
          0.0,
          0.0,
          0.0,
          0.0,
          0.0,
          0.0,
          0.0,
          0.0,
          0.0,
          0.0,
          0.0,
          0.0,
          0.0,
          0.0,
          0.0
        ],
        [
          0.0,
          0.0,
          0.0,
          0.0,
          0.0,
          0.0,
          0.0,
          0.0,
          0.0,
          0.0,
          0.0,
          0.0,
          0.0,
          0.0,
          0.0,
          0.0,
          0.0,
          0.0,
          0.0,
          0.0,
          0.0,
          0.0,
          0.0,
          0.0,
          0.0,
          0.0,
          0.0,
          0.0,
          0.0,
          0.0
        ],
        [
          0.0,
          0.0,
          0.0,
          0.0,
          0.0,
          0.0,
          0.0,
          0.0,
          0.0,
          0.0,
          0.0,
          0.0,
          0.0,
          0.0,
          0.0,
          0.0,
          0.0,
          0.0,
          0.0,
          0.0,
          0.0,
          0.0,
          0.0,
          0.0,
          0.0,
          0.0,
          0.0,
          0.0,
          0.0,
          0.0
        ],
        [
          0.0,
          0.0,
          0.0,
          0.0,
          0.0,
          0.0,
          0.0,
          0.0,
          0.0,
          0.0,
          0.0,
          0.0,
          0.0,
          0.0,
          0.0,
          0.0,
          0.0,
          0.0,
          0.0,
          0.0,
          0.0,
          0.0,
          0.0,
          0.0,
          0.0,
          0.0,
          0.0,
          0.0,
          0.0,
          0.0
        ],
        [
          0.0,
          0.0,
          0.0,
          0.0,
          0.0,
          0.0,
          0.0,
          0.0,
          0.0,
          0.0,
          0.0,
          0.0,
          0.0,
          0.0,
          0.0,
          0.0,
          0.0,
          0.0,
          0.0,
          0.0,
          0.0,
          0.0,
          0.0,
          0.0,
          0.0,
          0.0,
          0.0,
          0.0,
          0.0,
          0.0
        ],
        [
          0.0,
          0.0,
          0.0,
          0.0,
          0.0,
          0.0,
          0.0,
          0.0,
          0.0,
          0.0,
          0.0,
          0.0,
          0.0,
          0.0,
          0.0,
          0.0,
          0.0,
          0.0,
          0.0,
          0.0,
          0.0,
          0.0,
          0.0,
          0.0,
          0.0,
          0.0,
          0.0,
          0.0,
          0.0,
          0.0
        ],
        [
          0.0,
          0.0,
          0.0,
          0.0,
          0.0,
          0.0,
          0.0,
          0.0,
          0.0,
          0.0,
          0.0,
          0.0,
          0.0,
          0.0,
          0.0,
          0.0,
          0.0,
          0.0,
          0.0,
          0.0,
          0.0,
          0.0,
          0.0,
          0.0,
          0.0,
          0.0,
          0.0,
          0.0,
          0.0,
          0.0
        ],
        [
          0.0,
          0.0,
          0.0,
          0.0,
          0.0,
          0.0,
          0.0,
          0.0,
          0.0,
          0.0,
          0.0,
          0.0,
          0.0,
          0.0,
          0.0,
          0.0,
          0.0,
          0.0,
          0.0,
          0.0,
          0.0,
          0.0,
          0.0,
          0.0,
          0.0,
          0.0,
          0.0,
          0.0,
          0.0,
          0.0
        ],
        [
          0.0,
          0.0,
          0.0,
          0.0,
          0.0,
          0.0,
          0.0,
          0.0,
          0.0,
          0.0,
          0.0,
          0.0,
          0.0,
          0.0,
          0.0,
          0.0,
          0.0,
          0.0,
          0.0,
          0.0,
          0.0,
          0.0,
          0.0,
          0.0,
          0.0,
          0.0,
          0.0,
          0.0,
          0.0,
          0.0
        ]
      ],
      "b": [
        0.7127864189167609,
        0.12429485255158604,
        -11.45714084101888,
        -4.6638130613972955,
        -6.460782848972926,
        -2.646628467352602,
        -5.349870925494529,
        -10.672793072951098,
        6.194901909320102,
        -6.724752288689478,
        -0.5377133851255957,
        -9.833902065998899,
        -5.093923893307881,
        -13.917802860820334,
        -1.637306660788966,
        -10.010313669116234,
        10.674000820104384,
        1.8910518603757338
      ],
      "nablaB": [
        0.0,
        0.0,
        0.0,
        0.0,
        0.0,
        0.0,
        0.0,
        0.0,
        0.0,
        0.0,
        0.0,
        0.0,
        0.0,
        0.0,
        0.0,
        0.0,
        0.0,
        0.0
      ]
    },
    {
      "w": [
        [
          1.0891842148699034,
          -0.952454295933501,
          0.8054157050377447,
          1.0464975232085556,
          0.8774088056966156,
          1.059908753425984,
          0.9322949571229452,
          -2.7185596603224216,
          2.554743078166791,
          0.906787848707207,
          1.0712467035613653,
          1.2521433368632082,
          0.9074235027108978,
          -1.948612025750133,
          1.0497042553938276,
          -2.1782271258651513,
          -3.055642734843199,
          -1.4858703176591144
        ],
        [
          -0.8434617352682214,
          0.7762221362024179,
          -0.6067987057068527,
          -0.6769437625080865,
          -0.6120519429430541,
          -0.6601254405864215,
          -0.652344809521833,
          1.7024091816729614,
          -1.6741227436419994,
          -0.6008499436477056,
          -0.7460307680705579,
          -0.801295172742248,
          -0.5686395361404116,
          1.3718455939065863,
          -0.9412631922066754,
          1.282228935303594,
          1.9023672242564253,
          1.0874589755203607
        ],
        [
          -1.0305197899371537,
          0.025957660186557856,
          -0.8739320724835902,
          -1.970994365376945,
          -0.6080978649156855,
          -0.5448614575785269,
          -0.3336328552296891,
          1.6523127440849255,
          -1.67340403663342,
          -0.39825371340605226,
          -0.46675467021227435,
          -0.7213445979735246,
          -0.4984572707681897,
          1.1745595280425356,
          0.1894386079689991,
          1.4443803497299945,
          2.1840522309993324,
          1.0045298642576925
        ],
        [
          -2.3415216031826054,
          0.11465928304636142,
          -0.031402592937822896,
          -0.2059471522957912,
          -1.2450208193759245,
          -1.2971690879232227,
          -0.832504282839504,
          3.6950185939398983,
          -2.996670965780488,
          -1.4537302162698786,
          -0.8118075362176707,
          -1.3027028419129256,
          -1.0740342666830052,
          2.446641930386321,
          -2.4383329255346333,
          3.1892647765654845,
          4.007592294053565,
          1.775732282222517
        ],
        [
          1.731835200325031,
          -1.0982199304527502,
          -0.6138722307449704,
          -0.6430130557558794,
          -1.0526533490752317,
          -0.9804470752496788,
          -0.28879773852705776,
          -1.6225474480868556,
          -4.0182721828264985,
          -1.647070605344097,
          0.5903213376289335,
          -1.2719911858934385,
          -1.0405475003757227,
          -2.3333027633151238,
          -0.40602589863288374,
          0.07746330797382295,
          -1.1431705788673674,
          -2.740124142509322
        ],
        [
          -0.3333606367647816,
          -1.0395945848628243,
          -1.0473866885199443,
          -1.2786711550507468,
          -0.37296795293192964,
          -0.7282169192205998,
          -0.7904752498714616,
          -1.186456722196732,
          -1.65881152535543,
          -0.9624816426912137,
          -0.6248087001375711,
          -0.8074655647494207,
          -1.4956752124829493,
          -1.4026703040091832,
          -1.0416033520290533,
          -0.9325961455443428,
          -0.8153305520032065,
          -1.1616462883178027
        ],
        [
          -1.1095655677455067,
          -1.404562123423464,
          -0.5786899704347437,
          -0.4496710536977015,
          -1.0201695110300812,
          -1.4540808256471025,
          -1.0598739555021675,
          -0.5818545335429145,
          -2.4483524265919425,
          -1.1114824857199135,
          -0.66505926551533,
          -0.9277048687539837,
          -1.6928649455703049,
          -1.1491740135841721,
          -1.0070269594796097,
          -0.9875358667974413,
          -0.14404450706207467,
          -1.9324832882190346
        ],
        [
          -0.22413624167893514,
          -0.645228520734006,
          -0.4366342420500068,
          -1.2775478716917643,
          -0.4127663749760312,
          -0.6858347218050793,
          -0.6023364820806335,
          -1.2559519139258117,
          -2.70308910983215,
          -1.4813127926535052,
          -0.6034404837641943,
          -0.8236454750890984,
          -1.6425642066379036,
          -0.7523956945075054,
          -1.0455198871432987,
          -1.0028462834554404,
          -0.8943767108988663,
          -2.0645368227745715
        ],
        [
          -0.03843106743725549,
          -1.4203852789831224,
          -0.7329987488907034,
          -1.026578450472591,
          -0.8243526260813022,
          -0.5722137493846586,
          -0.9985386071603501,
          -0.6233920370756469,
          -2.585882801045379,
          -0.991920009154416,
          -0.9007719270056636,
          -0.8748131011759899,
          -1.6393610718301541,
          -1.4766874547622204,
          -0.3496807856594941,
          -0.7251548793832345,
          -1.2274319503885707,
          -2.068893764109699
        ],
        [
          -0.7971931942200606,
          -1.2572360271485412,
          -0.82161111020953,
          -1.008574975286084,
          -0.7030940601252825,
          -1.11937273367218,
          -1.1682577534107095,
          -1.2869966154268546,
          -2.3667554833181352,
          -1.2322195704137835,
          -1.1312539699379822,
          -0.4264243865548104,
          -1.334453954582429,
          -1.5284192864725459,
          -0.2471494879185037,
          -0.3270653503342774,
          -0.5053609456871128,
          -1.2824767984379828
        ]
      ],
      "nablaW": [
        [
          0.0,
          0.0,
          0.0,
          0.0,
          0.0,
          0.0,
          0.0,
          0.0,
          0.0,
          0.0,
          0.0,
          0.0,
          0.0,
          0.0,
          0.0,
          0.0,
          0.0,
          0.0
        ],
        [
          0.0,
          0.0,
          0.0,
          0.0,
          0.0,
          0.0,
          0.0,
          0.0,
          0.0,
          0.0,
          0.0,
          0.0,
          0.0,
          0.0,
          0.0,
          0.0,
          0.0,
          0.0
        ],
        [
          0.0,
          0.0,
          0.0,
          0.0,
          0.0,
          0.0,
          0.0,
          0.0,
          0.0,
          0.0,
          0.0,
          0.0,
          0.0,
          0.0,
          0.0,
          0.0,
          0.0,
          0.0
        ],
        [
          0.0,
          0.0,
          0.0,
          0.0,
          0.0,
          0.0,
          0.0,
          0.0,
          0.0,
          0.0,
          0.0,
          0.0,
          0.0,
          0.0,
          0.0,
          0.0,
          0.0,
          0.0
        ],
        [
          0.0,
          0.0,
          0.0,
          0.0,
          0.0,
          0.0,
          0.0,
          0.0,
          0.0,
          0.0,
          0.0,
          0.0,
          0.0,
          0.0,
          0.0,
          0.0,
          0.0,
          0.0
        ],
        [
          0.0,
          0.0,
          0.0,
          0.0,
          0.0,
          0.0,
          0.0,
          0.0,
          0.0,
          0.0,
          0.0,
          0.0,
          0.0,
          0.0,
          0.0,
          0.0,
          0.0,
          0.0
        ],
        [
          0.0,
          0.0,
          0.0,
          0.0,
          0.0,
          0.0,
          0.0,
          0.0,
          0.0,
          0.0,
          0.0,
          0.0,
          0.0,
          0.0,
          0.0,
          0.0,
          0.0,
          0.0
        ],
        [
          0.0,
          0.0,
          0.0,
          0.0,
          0.0,
          0.0,
          0.0,
          0.0,
          0.0,
          0.0,
          0.0,
          0.0,
          0.0,
          0.0,
          0.0,
          0.0,
          0.0,
          0.0
        ],
        [
          0.0,
          0.0,
          0.0,
          0.0,
          0.0,
          0.0,
          0.0,
          0.0,
          0.0,
          0.0,
          0.0,
          0.0,
          0.0,
          0.0,
          0.0,
          0.0,
          0.0,
          0.0
        ],
        [
          0.0,
          0.0,
          0.0,
          0.0,
          0.0,
          0.0,
          0.0,
          0.0,
          0.0,
          0.0,
          0.0,
          0.0,
          0.0,
          0.0,
          0.0,
          0.0,
          0.0,
          0.0
        ]
      ],
      "b": [
        -2.205905205264465,
        1.1589376845590187,
        -1.9460921199714742,
        -2.7488021177326596,
        -2.4152079758418163,
        -4.056106742089442,
        -3.89172632912217,
        -4.279751236025508,
        -4.171012286561699,
        -4.110878526303802
      ],
      "nablaB": [
        0.0,
        0.0,
        0.0,
        0.0,
        0.0,
        0.0,
        0.0,
        0.0,
        0.0,
        0.0
      ]
    }
  ]
}